 atom_index 1 n_descriptor 135
1.658015947 0.802735131 0.8298271704 0.4325758196 0.2733131011 0.1247039906 0.05787846443 0.02501075932 0.013757409 0.007471544412 0.005547157989 0.00411189893 0.003424874597 0.002894341506 0.002468747134 1.351330536 1.41328042 1.428539957 0.5482279503 0.6225473429 0.6603597052 0.6696038691 0.7157580766 0.7266225148 0.551346358 0.5528862757 0.5568810043 0.3566401196 0.3576310637 0.363411733 0.1645030319 0.1668945534 0.1686479824 0.05475460414 0.05585285666 0.05865057847 0.01726213189 0.01748800428 0.01831086055 0.00749487863 0.008501147384 0.009509372671 0.005270669968 0.005455198837 0.005998954983 0.00431098798 0.004402207455 0.004842307867 0.003579259168 0.003630037099 0.00401495672 0.003005246665 0.003052123517 0.003369164755 0.002552503525 0.002591095068 0.002857746616 0.00218636429 0.002218366808 0.002445061651 0.7928082818 0.8014459153 1.036168799 1.069513611 1.101925614 0.0768410567 0.08136871131 0.2068241895 0.2478425451 0.2901338738 0.03563567194 0.03782501932 0.08993777088 0.09285262929 0.09608522169 0.01590713754 0.01790217207 0.02826395486 0.02891422517 0.04269966075 0.01338600704 0.01422579504 0.01529551832 0.01626375999 0.02003774609 0.009235521741 0.009499514392 0.01035115131 0.01087250858 0.01281121036 0.007695672016 0.008099759902 0.008426460784 0.009025054042 0.01058277198 0.00567740309 0.006444635491 0.00691202966 0.007379997484 0.008949248317 0.004686935234 0.005312715993 0.00586881289 0.006149061763 0.007214844499 0.003728888571 0.004247488698 0.004819789706 0.004873360839 0.005699281694 0.00311027359 0.003530218276 0.003902685763 0.003934912288 0.004652508874 0.002588870778 0.002933530661 0.003244543036 0.003269907229 0.003882234998 0.002187391732 0.00247720743 0.002736179672 0.00276406586 0.003275945876 0.001865356455 0.002111190431 0.002329072758 0.002357671549 0.002790613072 0.001603105605 0.001813336699 0.001998617635 0.002026516577 0.002396083507 

 atom_index 2 n_descriptor 135
1.662105957 0.8008612878 0.8187542855 0.4334140737 0.277083127 0.1244697919 0.05833519962 0.02515135534 0.01363308731 0.007463356941 0.005583938485 0.004154242942 0.003452872455 0.002917021516 0.002487786386 1.358767424 1.404015102 1.426643181 0.5469041544 0.5900848578 0.6730059291 0.6682456751 0.6989034309 0.7335025831 0.5537573443 0.5544817419 0.5576854601 0.3587619672 0.3621553354 0.3653360258 0.1645443982 0.1660182157 0.1685483716 0.05479096136 0.05527516727 0.05922424675 0.01745986144 0.01752188889 0.0184144807 0.007469850217 0.008135192889 0.009569827916 0.005292578382 0.005516936889 0.0060439212 0.004347003727 0.004501014067 0.004908453668 0.003610441441 0.003701574178 0.004073317717 0.003026921346 0.003105622357 0.003413721348 0.002570681843 0.00263569617 0.002894190033 0.002202034963 0.002256309224 0.00247551223 0.7731636103 0.8003025927 1.023777116 1.060786168 1.082646311 0.08167007927 0.08718199785 0.1955559283 0.2253094787 0.2889904558 0.03832313905 0.04139641987 0.08918742195 0.09555978024 0.0968380392 0.01693333952 0.01943764741 0.02821804759 0.03633117478 0.04440134456 0.01389374608 0.01540621817 0.01605242024 0.01735164351 0.01964222941 0.009524846907 0.009801632783 0.01081893144 0.01136823246 0.01258493097 0.007762579924 0.007920007728 0.008572699412 0.009381408573 0.01065514666 0.005851456747 0.00661728254 0.00675885468 0.007094231025 0.008932438666 0.004873600177 0.00565240332 0.005772692323 0.005931883921 0.00712872108 0.003900333621 0.004530701434 0.004816606332 0.004854373648 0.005603085968 0.003250354616 0.003746772663 0.003925848566 0.003959936182 0.004582724217 0.002701599193 0.003107108249 0.003237422562 0.003278188928 0.003832127374 0.002281653156 0.002621656926 0.002730438101 0.002769932758 0.00323321885 0.00194526168 0.002232833202 0.002325032172 0.002362377939 0.002754128288 0.00167147849 0.001916782833 0.001995953517 0.002030478861 0.002364728193 

 atom_index 3 n_descriptor 135
1.571720799 1.036062865 0.2396320526 0.1500241283 0.05697538851 0.0302329172 0.02352667953 0.01235028677 0.01065305072 0.007611172599 0.00650292359 0.005233398546 0.004374134107 0.003701943944 0.003159556574 1.451703259 1.452774071 1.472728174 0.7664251273 0.7855715577 0.8234776345 0.2775733318 0.3147192216 0.358462336 0.1631841725 0.1742881974 0.1833990623 0.07043258706 0.07106932576 0.08026967447 0.04549990168 0.0500962668 0.05780238533 0.01866964386 0.01897797718 0.01916633336 0.01621952789 0.01661851719 0.01686187291 0.00879971457 0.008908648084 0.009145181408 0.007698020271 0.007883604631 0.007919282764 0.005469301533 0.005575635557 0.005629074603 0.004681934512 0.004778140857 0.00479879808 0.00389193915 0.003974741039 0.003998567662 0.003302721613 0.003372977575 0.003392988508 0.002827690023 0.0028876893 0.002904260271 0.3920784339 0.3992713407 0.5345586396 0.5455188588 0.6072941391 0.09986615975 0.1037298674 0.1885886484 0.2086472209 0.2644235341 0.05207534455 0.05444869917 0.1761531445 0.2010121622 0.2056188558 0.03365469197 0.03486961608 0.06015015946 0.0737102767 0.09379926856 0.02178261678 0.02271829067 0.02875428519 0.03206853798 0.04475514371 0.01416181821 0.01478985923 0.01796661674 0.02064595332 0.02338930496 0.01043030018 0.01098917553 0.01223250091 0.01238730033 0.01320668191 0.007805875235 0.008290138833 0.008671348998 0.00876168079 0.009807632715 0.006291949975 0.006656554791 0.0069353665 0.007026658219 0.007925312592 0.005092701404 0.005388972555 0.005630127953 0.005713928106 0.006447433321 0.004207907041 0.004442667925 0.004650406075 0.004711522171 0.0052965122 0.003490682721 0.003687698618 0.003859062829 0.003912800301 0.00439729842 0.002950386755 0.003117184799 0.003261486151 0.003308127873 0.003716830829 0.002515398556 0.00265687094 0.002781257609 0.002821608633 0.003168820289 0.00216092867 0.00228178091 0.002389858677 0.00242488129 0.002722176982 

 atom_index 4 n_descriptor 135
1.571993118 1.046648148 0.2530692117 0.1467046197 0.05331825637 0.03222958494 0.02384325791 0.01214451473 0.01054033793 0.007558049061 0.00646485458 0.005196622272 0.004342142265 0.0036747824 0.003136298145 1.441001989 1.453365461 1.465943375 0.777834564 0.8097326739 0.8440416912 0.2846923979 0.3461274729 0.3649959607 0.1592580807 0.1642188304 0.1822750683 0.06780440289 0.07045799554 0.07916432477 0.04664241356 0.05601082056 0.05986375188 0.01845214671 0.01860938412 0.01886956336 0.01606499336 0.01618320857 0.01669573079 0.008793730747 0.008895416357 0.009123296473 0.00764108183 0.007886812218 0.007906337345 0.005433285333 0.005553426289 0.005582161277 0.004646365416 0.004767897002 0.004768964007 0.00386261077 0.003964093425 0.00397140729 0.003277676944 0.003363877129 0.003369665108 0.002806135077 0.002879952148 0.002884194579 0.3961951907 0.4047488592 0.5533728173 0.5656769303 0.6248208453 0.09318696559 0.0972237427 0.1993342224 0.2298868621 0.2816957167 0.0515613351 0.05392894189 0.1828507637 0.1991663562 0.213139494 0.03320385121 0.03430945555 0.05789651421 0.06077119193 0.09009833124 0.02070327672 0.02158694726 0.03402720357 0.03577643425 0.04803609396 0.01342992007 0.01406253122 0.01881465634 0.022407866 0.02382273463 0.009996364837 0.01053912094 0.01213064858 0.01236959046 0.01312126949 0.007629901858 0.008066331348 0.00869095407 0.008847991234 0.009823324887 0.0061682934 0.006481639216 0.00698589139 0.007115157184 0.007933810326 0.00499584131 0.005254162681 0.005693479696 0.005791631866 0.00644530214 0.004115335864 0.004324528635 0.004696949606 0.0047752982 0.005291080898 0.003417028851 0.003588443708 0.00389217285 0.003964943553 0.004393197761 0.00288780192 0.003033205194 0.003289180883 0.003352285372 0.003713253902 0.002462146897 0.002585756603 0.00280416698 0.002858835375 0.003165769175 0.002115324446 0.002221118021 0.002408992019 0.002456499543 0.002719576635 

