 atom_index 1 n_descriptor 135
1.52539959 0.8212798311 0.7672257688 0.4526826526 0.2271982814 0.09717319727 0.03902409904 0.02077181775 0.01381822104 0.01052849189 0.008238035962 0.006565179652 0.005249227859 0.00429057063 0.003582704302 0.8151482958 0.8177878993 1.519798848 0.4263076619 0.427774557 0.6296360837 0.5321404718 0.5349987663 0.6977053317 0.5215330352 0.5231963392 0.5410337232 0.3659292506 0.3681315604 0.404991537 0.2207502261 0.2220942403 0.2337832021 0.1047592393 0.1061971678 0.120770359 0.04600775641 0.04694932788 0.05320625498 0.01784331411 0.01841913558 0.02567969063 0.009142670692 0.009426693921 0.0136540572 0.005853878259 0.005933195259 0.009809110191 0.004693903852 0.004734481224 0.00764101439 0.003756129249 0.003787845902 0.00609950813 0.003113445278 0.003136247052 0.00503486996 0.002623005472 0.002640213724 0.004228030492 0.388907116 0.4892897082 0.9384614535 0.9450858245 1.133371599 0.3617900769 0.403288696 0.5398701702 0.5408066424 0.689700427 0.3678234733 0.4029585718 0.4254797785 0.4327484101 0.4381197792 0.3481426954 0.3554260268 0.3724538232 0.4193112583 0.4200957964 0.2731255066 0.3005515335 0.3127188629 0.3231578462 0.3272627725 0.1932465083 0.2060038702 0.2180417287 0.2416586475 0.2438276076 0.1181829857 0.1332191918 0.1421625788 0.1498399347 0.1521875984 0.06229092695 0.06402841586 0.06981596104 0.08114660708 0.08234159491 0.02692999762 0.02750764424 0.033943829 0.03888895291 0.03927284654 0.007975909952 0.0115179542 0.01290714088 0.01842157692 0.0184708597 0.002613924247 0.005073447888 0.006635009221 0.009904404343 0.01014976336 0.001106478202 0.003483778905 0.004242544761 0.006905666663 0.007207935389 0.0009223364311 0.002898317037 0.003442264649 0.005603568911 0.005823330608 0.0007798765086 0.002448686896 0.002861223141 0.004653399837 0.004825264602 0.0006664397153 0.002090821366 0.002414493125 0.003922797808 0.004061801834 

 atom_index 2 n_descriptor 135
1.525184611 0.81504463 0.763187146 0.4517560149 0.2277113912 0.09611987787 0.03806980615 0.0204432201 0.01359447878 0.0104676528 0.008230843148 0.006565097579 0.0052613301 0.004298757838 0.003588697182 0.8095164454 0.8120255749 1.529263878 0.4274494402 0.4275286114 0.6190618675 0.5313173952 0.5325224511 0.7145680851 0.5214276364 0.52219422 0.5425527806 0.3655788284 0.3669076625 0.4040400113 0.2204918234 0.2215761437 0.2340509222 0.1044716707 0.1054978766 0.1186454143 0.04589177523 0.04662007013 0.0530290698 0.01777029304 0.01805653149 0.02576435474 0.009135457014 0.009216705507 0.01380689025 0.005750101237 0.005899007835 0.009960098924 0.004572264648 0.004798640272 0.007723584822 0.00367054727 0.00383426169 0.006158679706 0.003045857751 0.003172129963 0.00507980481 0.002567773804 0.002669054308 0.004263600372 0.386240994 0.4861104496 0.9443199556 0.9480375206 1.137748423 0.3605423857 0.4004415198 0.5411904198 0.5415744782 0.6821140899 0.3758558899 0.4032000306 0.4251530194 0.4311145494 0.434869877 0.347779906 0.3634964548 0.3710307095 0.4182778132 0.420230088 0.2706342303 0.3006227348 0.3119505964 0.3225061448 0.3267474739 0.1889870424 0.2058774741 0.2172728994 0.2412334543 0.2441983512 0.1190674932 0.1332481458 0.1414372994 0.1490263851 0.15214 0.06228808401 0.0635400825 0.06938571699 0.08085129636 0.08264766594 0.02704294818 0.02755623063 0.03357684045 0.03857637594 0.0393385206 0.008003826905 0.01189650132 0.01271371991 0.01831217089 0.01856427817 0.002647087023 0.00517075164 0.006495259098 0.009922179024 0.01014077307 0.001128410068 0.003526909044 0.004167721042 0.00692348991 0.007251345966 0.0009403379311 0.002930819128 0.003383363756 0.005615944932 0.005852600644 0.0007947540881 0.002473996321 0.002813194437 0.004662644292 0.004847206017 0.0006789070406 0.002111220963 0.002374472368 0.003929989374 0.004078993796 

 atom_index 3 n_descriptor 135
1.525953724 0.8150599383 0.7627618549 0.4506201103 0.2273489713 0.09504830369 0.03749030149 0.01991530692 0.01334015799 0.01036377024 0.008239704096 0.00662975547 0.005349909241 0.004363651344 0.003639672634 0.8093177606 0.8115566243 1.528260289 0.4270368182 0.427839796 0.6170458735 0.5307861401 0.532011673 0.7127184791 0.521395364 0.5217641217 0.5414100432 0.3654197595 0.3663684686 0.4029769604 0.2204818537 0.2208963795 0.2324769058 0.1043866943 0.1050061625 0.1176555958 0.04585420232 0.04617808526 0.0521907866 0.01771324592 0.01799931998 0.02536862767 0.009103972661 0.009250779815 0.01360968054 0.00585514645 0.005938604895 0.009936612829 0.004761495381 0.004797737475 0.007797540439 0.003808307049 0.003831426461 0.006215027039 0.003152024437 0.00316987757 0.005122747062 0.002652842559 0.002667261386 0.004297674175 0.3860858836 0.486622256 0.9443596975 0.947400159 1.133688666 0.3617940089 0.4006315568 0.5391116719 0.5416113121 0.6789740167 0.3743429136 0.403388384 0.4252205787 0.4298654401 0.432189193 0.3485683779 0.3646215832 0.3715125126 0.4182167709 0.418718115 0.2694172327 0.3007292568 0.3115705402 0.3223239477 0.3235966142 0.1893876791 0.2063468779 0.2173949955 0.2414255693 0.2418164273 0.118703558 0.1332584549 0.1411961925 0.1489660834 0.1498651323 0.06247018312 0.0635081865 0.069468076 0.08090583375 0.08129850103 0.02683833461 0.02754899435 0.03365096613 0.03854121835 0.03887170971 0.008045834093 0.01182928701 0.01286484441 0.01830082518 0.01844692247 0.002646249461 0.005095654592 0.006651168739 0.01006479707 0.01017268375 0.001131609731 0.003493735817 0.004305945418 0.007174173288 0.007256580208 0.0009425407878 0.002904604428 0.003485837363 0.005796900022 0.005855497951 0.000796537629 0.002452709429 0.002894104602 0.00480377735 0.004848940195 0.000680415841 0.002093568195 0.002440358692 0.004043928285 0.004080079042 

 atom_index 4 n_descriptor 135
1.606938996 1.146481357 0.3866567023 0.1452857414 0.06588438408 0.03533500884 0.02127964875 0.01276606243 0.007626143538 0.004425454939 0.002946764277 0.00224060862 0.001895241368 0.001604975648 0.001371033139 1.504039216 1.507681133 1.513669455 0.8640458747 0.8973444438 0.9050428505 0.4461653749 0.4574463154 0.4698472892 0.1210077238 0.1226127191 0.1390518767 0.1216091721 0.1257065741 0.1264154109 0.03238430641 0.03470686434 0.03920320329 0.02152160857 0.0224617758 0.02848724542 0.01009029928 0.01327323412 0.01381668201 0.006519679308 0.008034288505 0.008047758643 0.003125919554 0.003352993746 0.003410915698 0.002792662771 0.002810179314 0.002929333524 0.001894679533 0.001911469982 0.001976775209 0.001646024253 0.001657933106 0.001675401518 0.001405228498 0.001414179716 0.001426075403 0.001206440767 0.00121359257 0.001223338507 0.5669299557 0.5737842051 0.580065703 0.786894523 0.7980516631 0.112120835 0.1261039987 0.1339117944 0.6634127254 0.6837738555 0.05924329549 0.06403166404 0.06421424881 0.3174338945 0.3223385756 0.01932286082 0.02108662111 0.0223028886 0.1744817881 0.1865470367 0.007740583998 0.00878693393 0.0103379713 0.1010281029 0.1162041294 0.003612840598 0.003896033531 0.004249079535 0.03674136689 0.0402253715 0.002561424301 0.002613281877 0.002876267938 0.01757665436 0.02101239548 0.001975995346 0.002095377911 0.002196096739 0.006710393331 0.01044196797 0.001533107285 0.00158567836 0.001594566342 0.004113403253 0.004538268181 0.001171132801 0.001214877739 0.001222118181 0.002636346763 0.002829462753 0.0009532314721 0.0009783177883 0.0009844793842 0.001818960001 0.001863169131 0.0008103590233 0.0008223254714 0.0008249758056 0.00147942049 0.00151234823 0.0006820547101 0.0006937319656 0.0006961888122 0.001250409788 0.001278074549 0.0005813621065 0.0005914038327 0.0005942320153 0.001066988178 0.001091016421 0.0004997342375 0.0005083665883 0.0005111516879 0.000917710004 0.0009387954106 

