 atom_index 1 n_descriptor 135
1.568208942 0.9769109552 0.6763418593 0.3195694367 0.08378861653 0.0233178115 0.008606948916 0.005787499837 0.004577011487 0.003598166905 0.002932204303 0.002429136064 0.002026604178 0.001716384844 0.001465670337 0.4042123046 0.4078551692 1.317256789 0.6915890752 0.6923924345 0.8393847 0.6486921825 0.6488149266 0.6849670929 0.3893792683 0.3895610245 0.4025026629 0.1413290132 0.1414115309 0.1558584812 0.04447095081 0.04454078619 0.04870196543 0.01042907724 0.0104788131 0.01415968037 0.00507930977 0.005120547624 0.007311521167 0.003347275728 0.003378390602 0.005170257142 0.002739376617 0.00276366544 0.004159326724 0.00224837137 0.00227167924 0.003407485141 0.001870783891 0.001887774763 0.002830223656 0.001574184068 0.001589179823 0.002379132079 0.00133792091 0.001350884368 0.002019911678 0.0011465546 0.001157777667 0.001729505762 0.6239464529 0.6265122191 0.7689880188 0.7734951539 1.112820764 0.6129336263 0.6139294312 0.68139673 0.6949818292 0.6958833072 0.3928779334 0.4519891373 0.4527800816 0.4684055283 0.4685323524 0.2120033281 0.2122788304 0.2362375612 0.2364555687 0.2393194716 0.09148913714 0.1013558487 0.1014791769 0.1052288915 0.105316901 0.0303486483 0.03035607174 0.03828622022 0.03835024651 0.04260104992 0.01213776388 0.01222103293 0.01347474269 0.01351872937 0.01523905085 0.002738057477 0.002777059734 0.005725703094 0.005752130321 0.008627467151 0.001891085835 0.001934480119 0.003591375045 0.003613064505 0.005651068288 0.001278737722 0.001311104187 0.002796267875 0.002814181864 0.004543045433 0.001054238307 0.001084469432 0.002305927396 0.002320988217 0.003745326034 0.0008920121046 0.0009155477852 0.001924582782 0.001936668941 0.003117026058 0.0007547574455 0.0007743618867 0.001625581821 0.00163576259 0.002631139777 0.0006443502175 0.0006609506123 0.001385828819 0.001394481306 0.002241569597 0.0005542191348 0.00056842804 0.001190730482 0.001198146868 0.001924864115 

 atom_index 2 n_descriptor 135
1.646863428 0.9729624724 0.718159762 0.3155864519 0.08855160737 0.02354282555 0.008921130409 0.005996612655 0.00468009894 0.003705399468 0.00301536597 0.002492754613 0.002082502293 0.001761882419 0.001503733958 0.4504147176 0.4581040912 1.446795367 0.6983842611 0.7007455054 0.8205173762 0.6473861865 0.6477150516 0.7312122449 0.3909674161 0.3920081454 0.4021098279 0.1409095611 0.1410161098 0.1639940586 0.04474688245 0.0450730335 0.04974262474 0.01031801134 0.01043792211 0.01554878988 0.005089188416 0.005211640769 0.007803650377 0.003323793032 0.003415157661 0.005689389765 0.002725803005 0.002803070035 0.00454021062 0.002239456524 0.002296190044 0.003706468199 0.001862446929 0.001913863343 0.003068872581 0.001567618232 0.001609708227 0.00257657771 0.001332638668 0.001368056021 0.002185407475 0.001142217614 0.001172395639 0.00186980692 0.6218111538 0.6251830757 0.8242180003 0.82570797 1.132561628 0.6159149506 0.6169651022 0.7167324061 0.7188626815 0.7327621047 0.37215372 0.4355182419 0.435658196 0.4689439625 0.4691039153 0.2129381337 0.2132606292 0.2413297026 0.242061808 0.2433308377 0.09240266098 0.09738053462 0.09752400441 0.1051117693 0.10523776 0.03057649971 0.03059798494 0.03961274248 0.03980796516 0.04276514351 0.01206999148 0.01209322998 0.01295215645 0.01296163836 0.0159619789 0.00279068013 0.002823194373 0.005974740688 0.006045350856 0.009303954003 0.001909098803 0.001939160018 0.003550432163 0.003591990446 0.006165293631 0.001297829933 0.001324702692 0.002819395859 0.002856749343 0.004971750471 0.001071971412 0.001094264042 0.002324034549 0.00235500133 0.004093632949 0.0009054441059 0.0009237869091 0.001939436577 0.001964817106 0.003396655722 0.0007661726382 0.0007810922364 0.00163866316 0.001660099382 0.002862859456 0.0006540979005 0.0006666072225 0.00139733533 0.001415595465 0.002436673746 0.0005626039077 0.0005732485624 0.001200868727 0.00121654748 0.002090992904 

 atom_index 3 n_descriptor 135
1.608728959 0.9748134582 0.6952559451 0.3172136865 0.08616684236 0.02338324662 0.008743120614 0.005868542381 0.004608489289 0.003637080821 0.002961567626 0.002450493442 0.002046678682 0.001732602608 0.001479180965 0.4210227793 0.4299187284 1.384937533 0.6939272007 0.6960889313 0.8292623469 0.6479081092 0.648202722 0.7043045817 0.3897236182 0.3905760206 0.4016650629 0.1410491198 0.1411910891 0.1599111209 0.04446392371 0.04474872476 0.0491975033 0.01031917731 0.01044316224 0.01483689841 0.005031460226 0.005156597477 0.007543798782 0.003295589572 0.003384377158 0.005412328917 0.002699217368 0.002775457445 0.004337312897 0.002218884355 0.002277903101 0.003548783633 0.001844047079 0.001895994446 0.00294305023 0.001552242937 0.001595364045 0.002472572987 0.001319526523 0.001356146763 0.002098117026 0.001130934859 0.001162317819 0.001795716767 0.6219748646 0.6239130801 0.7936051996 0.79900971 1.126402686 0.6134392136 0.6145743835 0.699423219 0.7057661977 0.7079829615 0.3809604383 0.4446088661 0.4451515266 0.4686253516 0.4687580942 0.2121573059 0.2124843868 0.2386726032 0.2395293369 0.2420375382 0.09156184934 0.09948493349 0.09954840863 0.1051361175 0.1052374903 0.03034688312 0.03037153177 0.03893666626 0.03912864816 0.04281113692 0.01206261116 0.01214039074 0.01322460236 0.01323018079 0.01559738613 0.002717146776 0.002746749652 0.005852144198 0.005907955597 0.008959546288 0.001865416646 0.001905616261 0.00358110668 0.003604656131 0.005911150374 0.001260366452 0.001287610322 0.002813785235 0.002837273899 0.004761886341 0.001038767237 0.001063913652 0.002319474112 0.002339120643 0.003923243533 0.0008791102446 0.0008989196047 0.001935700156 0.0019517716 0.003260368439 0.0007438609999 0.0007607335016 0.001635220904 0.001648784562 0.00274982684 0.0006350643765 0.000649495104 0.001394204191 0.001405761595 0.002341418465 0.000546243543 0.000558668498 0.001198037551 0.001207967432 0.002009817218 

 atom_index 4 n_descriptor 135
1.58493088 0.9769394873 0.6831131372 0.3189786837 0.08476758569 0.02342342071 0.008706402717 0.005853823853 0.00461667411 0.003631962688 0.002960808237 0.002452336796 0.002046109482 0.001732303031 0.001478998739 0.4103274716 0.421872346 1.343488302 0.6927309734 0.6957188663 0.835463443 0.648554974 0.6489688094 0.6915467465 0.3896149169 0.3907610478 0.4021116796 0.1412763792 0.1414325592 0.157392164 0.04450357305 0.04486828302 0.04889961348 0.01041132357 0.01055961678 0.01442309768 0.005077364188 0.005220792626 0.007405660613 0.003342065094 0.003450769223 0.005264689734 0.00273574697 0.002826356792 0.004229151866 0.00224560295 0.002315289999 0.003463058452 0.001868415957 0.001928812688 0.002874971807 0.00157222054 0.001622382643 0.002416267228 0.001336269138 0.001378685572 0.002051002919 0.001145153778 0.001181402511 0.001755833977 0.6244775001 0.6273925209 0.7775005283 0.7830585272 1.119910086 0.6133091064 0.6151742899 0.6886235406 0.6981359729 0.7004720605 0.3882520859 0.4493540756 0.4501931492 0.4687768857 0.4689308779 0.2121320443 0.2126893108 0.2370267089 0.237622058 0.24090521 0.09148131751 0.1006809489 0.1008328328 0.1052726448 0.1053968878 0.03040025246 0.03050467277 0.03850915441 0.03865752861 0.04283645688 0.01219517499 0.01223328932 0.01339921005 0.01342639625 0.01541050856 0.002789866221 0.002817230914 0.005773212611 0.005823489479 0.008799385475 0.001932026583 0.001952558477 0.003592508768 0.003619651492 0.005777036992 0.001312603378 0.001331333689 0.002805744248 0.002830342239 0.004652071206 0.00108419225 0.001100036925 0.002313719246 0.002334136625 0.003834939383 0.0009159000898 0.0009288045639 0.001930933729 0.001947677125 0.003189007745 0.0007747464073 0.0007850572451 0.001630997366 0.001645141375 0.002690706752 0.0006613136503 0.0006698803966 0.001390489085 0.00140253883 0.002291693502 0.0005687563521 0.0005760048334 0.001194768266 0.001205116055 0.00196752813 

 atom_index 5 n_descriptor 135
1.698511519 0.6316785483 0.1991730512 0.1271924304 0.07731272548 0.03794224074 0.0184105663 0.01050709153 0.007336710801 0.005696143543 0.004683250652 0.00387219167 0.003237207896 0.002732311101 0.002328020625 1.559925993 1.573849374 1.580446405 0.5101861476 0.5543591611 0.6005991867 0.1830073031 0.1982584663 0.2123024611 0.08479647776 0.09614509308 0.1025114764 0.04546377494 0.04948384786 0.05069902334 0.02260093126 0.02460800051 0.02482407467 0.01089907384 0.01241020589 0.01289392693 0.007647432981 0.008472539391 0.008737213661 0.005247504826 0.005774238102 0.005903687822 0.004445410868 0.004804699392 0.004864728935 0.003593120924 0.003888705502 0.003926073393 0.002974039337 0.003214174325 0.003245617126 0.002508529315 0.002708580089 0.002733086967 0.002126897358 0.002295592396 0.002315606271 0.001818786964 0.001962467017 0.001979150246 0.474136207 0.4945066473 0.5203567438 0.5498912874 0.558946201 0.04525570299 0.04719405921 0.2285522452 0.2417454838 0.2567402983 0.02076848945 0.02161947582 0.1229497383 0.1279152702 0.1347068582 0.009192735149 0.009553183821 0.08258153436 0.0860938735 0.09173363455 0.004407997359 0.004566707385 0.03406850949 0.03708046158 0.0416616681 0.002968862752 0.00310103414 0.01606548128 0.0186881257 0.02241721658 0.001881606476 0.001979467202 0.007977647216 0.009295727911 0.01129812263 0.001422111203 0.001496083703 0.00543866692 0.00626253856 0.007525185953 0.001121391503 0.001183047343 0.004149493896 0.004644122617 0.005434254382 0.0008976029282 0.0009458336152 0.003436980013 0.003822000951 0.004431491862 0.0007431297114 0.0007836472993 0.002802934938 0.003110287112 0.003595530202 0.0006196215801 0.0006533819711 0.002337534537 0.002589717578 0.002989059488 0.0005230513208 0.0005516718786 0.001967046674 0.002176190417 0.002507822686 0.0004457917957 0.0004702538998 0.001671834066 0.001847686215 0.002126857051 0.0003829874465 0.0004040461198 0.001432934265 0.001582383911 0.001819877112 

 atom_index 6 n_descriptor 135
1.704290929 0.6623147728 0.2205288409 0.132770987 0.07330281887 0.03451817774 0.01608118583 0.009488724811 0.006817801547 0.005376434998 0.00441944001 0.003649018909 0.003053303116 0.002578626364 0.002198192458 1.565329472 1.569043315 1.58259321 0.5019281119 0.5677129364 0.7028416838 0.1819240853 0.2043828055 0.2472030923 0.08569894728 0.09106989633 0.1057279999 0.04259329483 0.04578262329 0.04928288262 0.01736140589 0.02206893481 0.02555700572 0.007785007243 0.01101130809 0.01357084679 0.006293859904 0.007791829048 0.009126244877 0.004541599753 0.005338020336 0.006140137765 0.004009320405 0.004484050119 0.004998249317 0.003226777387 0.00361761321 0.004021158179 0.002680986764 0.002989187729 0.003318506391 0.002270817175 0.002522311468 0.002791805413 0.001930272935 0.002138515682 0.002363204078 0.001654015689 0.001828706553 0.002018381173 0.4850662668 0.5284714459 0.5486255907 0.5903279703 0.6114868596 0.04594511652 0.04866080367 0.2206162833 0.2766504916 0.317253958 0.02080199507 0.02177122774 0.1191241116 0.1396477428 0.1498225357 0.01075202585 0.01238462079 0.07793248886 0.08736693102 0.0914615818 0.00444607331 0.004750868004 0.02679364259 0.03549151587 0.04070685246 0.002973694753 0.003218700017 0.01078241145 0.01721300099 0.02251376335 0.001836641626 0.001939562481 0.005765495055 0.008741093856 0.01142505848 0.001413614346 0.001499325892 0.004043802703 0.005969292262 0.007610660439 0.001112095951 0.001174005885 0.00328262438 0.004492682618 0.005444865787 0.0008995632286 0.0009514267114 0.002718823094 0.003700237839 0.004424480327 0.0007418474617 0.0007839050528 0.002224831931 0.003007218568 0.003582938284 0.0006197716749 0.0006550306565 0.001858953549 0.002506257024 0.002976608125 0.0005233708598 0.0005530639449 0.001568562239 0.002107427595 0.002495799201 0.0004461769248 0.000471455766 0.001335895411 0.001790220358 0.002115708688 0.000383385512 0.0004050832009 0.00114688737 0.001533810109 0.001809715438 

