 atom_index 1 n_descriptor 135
1.549882243 0.8068391344 0.09079285492 0.03619650259 0.01641889803 0.01038582471 0.01021899255 0.005454393311 0.004193932244 0.003335568434 0.002769119834 0.00224951596 0.001882767404 0.001589098515 0.00135418575 1.027017085 1.50431699 1.507833384 0.09624981881 0.9634531214 1.167636092 0.03432322532 0.05566948745 0.07501515585 0.009714683126 0.02429547461 0.03114796833 0.01301851141 0.01617914299 0.02107940156 0.003509636989 0.01905380512 0.02368931234 0.003689815989 0.008047731069 0.009147283582 0.001992969511 0.005939626382 0.007184114282 0.001874418918 0.004722326225 0.004884253188 0.001401067359 0.004060322336 0.004167176522 0.001159390747 0.003214840386 0.003425344479 0.0009709794489 0.002629198515 0.002798715121 0.0008161542876 0.002227869975 0.002345885283 0.0006938488551 0.001891330141 0.001986402862 0.000594817314 0.001618555653 0.001697697679 0.5007589365 0.6160765652 0.8239428013 1.329346705 1.399990239 0.02649927065 0.0302133824 0.1803655726 0.2550083882 0.4174535052 0.01092530626 0.01345263321 0.02907046469 0.04483280319 0.0533193381 0.009422611996 0.01025966623 0.01403920122 0.02344889271 0.02654572921 0.007327657223 0.007997164641 0.01088237449 0.01611139504 0.02037596595 0.003640081412 0.004839480726 0.00803842606 0.01287329114 0.01459060573 0.002787646829 0.003381040318 0.005091848416 0.008186399431 0.009274493991 0.002307334164 0.002593458762 0.003793062314 0.006095025361 0.006158645365 0.001853230422 0.002115149393 0.003117348717 0.004765748152 0.0051705716 0.001461079057 0.001715625277 0.00254731842 0.003942117563 0.004187544047 0.001200846172 0.001404205341 0.002072246771 0.00324225248 0.003362978091 0.001008914742 0.001172721727 0.001731380438 0.002679751458 0.002813655961 0.0008527119891 0.000990119243 0.001460071398 0.002253336099 0.002370908393 0.0007274015806 0.0008438934822 0.001243095235 0.001915360726 0.002016666168 0.0006253310788 0.0007249922925 0.00106698293 0.001642246265 0.001729498937 

 atom_index 2 n_descriptor 135
1.550473795 0.804077561 0.0902020477 0.03371083622 0.01553217592 0.01018255987 0.01097909333 0.005407893672 0.004165733987 0.003376227432 0.002849131614 0.002293692602 0.001920154127 0.001619377677 0.001379113212 1.033489972 1.502531423 1.503582875 0.08651739518 1.037372611 1.130761892 0.0327530785 0.05283675809 0.06096678039 0.009741740827 0.02512839341 0.02786524737 0.01312073663 0.01717238565 0.01995724968 0.003462585082 0.02183602105 0.02402787822 0.003679776844 0.0083567826 0.009106673244 0.001988966961 0.006159215469 0.006745315522 0.001887380989 0.004771037273 0.004857850832 0.001412690374 0.004210562493 0.004236152993 0.001165967587 0.003361872396 0.003481014626 0.0009766487363 0.002715630632 0.002810838474 0.0008207994122 0.002300639397 0.002364004427 0.0006978297353 0.001951280885 0.002001394426 0.0005982584763 0.001668680832 0.001709943788 0.5039318801 0.6810546741 0.7797375995 1.342027113 1.374983758 0.02487030327 0.02569128264 0.1804729123 0.2966872755 0.3740207011 0.01118771481 0.0122339886 0.02560556698 0.04190038864 0.04604100566 0.009610969101 0.01000617241 0.01489983705 0.025057799 0.02716099032 0.00779848284 0.007997834263 0.01076219008 0.01638791036 0.0186154825 0.00402134105 0.004586644335 0.008659412148 0.01422775737 0.01517029116 0.002899120604 0.003187001195 0.005172083736 0.00835032688 0.008972504877 0.002366732378 0.002494064639 0.003818103578 0.0061116872 0.006137782281 0.001941600617 0.002055376964 0.003151973679 0.00490871196 0.005103594047 0.001540689805 0.001659254034 0.002623027473 0.004138936623 0.004217727157 0.001256530941 0.001352347158 0.002118403971 0.003357011914 0.003376485775 0.001055255423 0.001131368337 0.001767898508 0.002778726296 0.002818477472 0.0008919681444 0.000955838142 0.00148915228 0.002335329474 0.002373340999 0.0007608482616 0.0008149977391 0.001266841718 0.001983636697 0.002017663845 0.0006540380662 0.0007003632006 0.001086740421 0.001699743316 0.001729702971 

 atom_index 3 n_descriptor 135
1.511930524 1.196467961 0.1342174477 0.04313860479 0.01692691815 0.01114095967 0.01031248149 0.006206585365 0.004915628947 0.003582751876 0.002984915912 0.002420538604 0.002025776386 0.001709536961 0.001456996403 1.182921727 1.42538537 1.444680221 0.4937981025 1.246841704 1.261284431 0.1930477141 0.2018274249 0.2191572228 0.099781292 0.1039078184 0.1109164704 0.05016533971 0.05229886192 0.05339593015 0.02380641235 0.04006964546 0.04095709605 0.01262527076 0.01553704185 0.01596011646 0.006043313696 0.01118725757 0.01145730566 0.0037752189 0.006454760494 0.006504158402 0.002084196378 0.005248282616 0.005288862049 0.001580366285 0.003697988224 0.00371993598 0.001155081381 0.003095124901 0.003118601523 0.0009711052508 0.002570029938 0.002588415223 0.0008251106379 0.002175366478 0.00219101237 0.0007069017201 0.001859264751 0.001872729932 0.3225193992 0.3371133016 0.442971298 1.031783088 1.042513617 0.03622920457 0.0412572932 0.1404490565 0.2252922144 0.2369742018 0.02238274105 0.0228325308 0.03534180959 0.07039677938 0.07096419927 0.01331205291 0.01339620667 0.01669141224 0.03085686159 0.03102844771 0.009888116829 0.009945375656 0.01074404612 0.01940288708 0.02043923257 0.005774811758 0.005954390151 0.007542171453 0.0141296589 0.01437524783 0.004527827062 0.00460260987 0.005473510166 0.01001502945 0.01006395491 0.003317975831 0.003369414968 0.004272649431 0.007630717187 0.007762806595 0.002664943292 0.002704145859 0.003448876659 0.006093282562 0.006216393793 0.002113635397 0.00214750262 0.002806760834 0.004946140749 0.005039821509 0.001748267647 0.001774721368 0.002312926187 0.004056001484 0.00413184777 0.001451161034 0.00147322807 0.001921411827 0.003363385869 0.003425664583 0.001224037867 0.001242587669 0.00161544109 0.002827986519 0.002879790996 0.001042528144 0.001058248515 0.001373502196 0.002403672561 0.00244733992 0.0008951551127 0.0009085950564 0.001177918368 0.002060758033 0.002097932408 

 atom_index 4 n_descriptor 135
1.512317727 1.194927063 0.1366082948 0.04347891852 0.01703311134 0.01117803772 0.01010979554 0.006211679729 0.004911225716 0.003577179663 0.002976723213 0.002414683494 0.002021604641 0.001706184647 0.001454254337 1.174929593 1.415027272 1.456416538 0.498713296 1.232169889 1.263813394 0.192698123 0.1969961187 0.2334679319 0.09973431867 0.1029161964 0.1192682348 0.04832939195 0.05228221037 0.0547913533 0.02394217209 0.03887344284 0.04074947646 0.01264300507 0.01543694692 0.01629397066 0.00605905155 0.01108350274 0.01167871616 0.00376949874 0.006400899575 0.006507542953 0.00208409592 0.005190559717 0.005297424238 0.001576209441 0.00366567078 0.003721808755 0.001152239917 0.003062765483 0.003123515171 0.0009687177534 0.002544645806 0.002592653479 0.0008230681588 0.002154136851 0.002194996498 0.0007051442045 0.001841238991 0.001876393607 0.3101744212 0.3425233929 0.4417723342 1.025263785 1.048600022 0.0324874882 0.04390722102 0.1405468379 0.2138063038 0.2384342251 0.02215369722 0.02328698515 0.0357949954 0.07072104958 0.07243881247 0.0133019741 0.01341572476 0.01663491918 0.03050969214 0.03116543197 0.009731997687 0.009935362886 0.0107315549 0.01886085842 0.020932889 0.005590474555 0.006013811412 0.007480044379 0.01366713457 0.01430874196 0.004457436958 0.004636143432 0.005464580425 0.009859285406 0.01005802818 0.003259332907 0.003389111796 0.00427063313 0.007520946225 0.007814500808 0.002616805476 0.002716026442 0.003442041432 0.005989056129 0.006255007853 0.002073188165 0.002158207776 0.002803358193 0.004860762535 0.00506732589 0.001715830116 0.001782560718 0.00230859289 0.003988204242 0.00415527719 0.001424197985 0.001480015052 0.001919372509 0.003308898769 0.00344558684 0.001201317841 0.001248228096 0.00161387401 0.002782791517 0.00289650996 0.00102320068 0.001062993146 0.001372289835 0.002365719671 0.002461530434 0.0008785771496 0.0009126274022 0.001176958582 0.002028542087 0.002110072916 

