 atom_index 1 n_descriptor 135
1.13817597 0.8337413743 0.6814582059 0.3857526726 0.2386271606 0.1042367237 0.04710341405 0.01899939349 0.008323515986 0.004244781216 0.003200286493 0.002415449569 0.001986705312 0.001668796013 0.001419222597 0.6902224004 1.050296783 1.067988243 0.1156027564 0.2079623777 0.2193401676 0.0646978213 0.1265252436 0.1319540362 0.03341014091 0.07035242874 0.07085360357 0.01164958345 0.02599878916 0.02835302424 0.006067346126 0.01270204864 0.01428516921 0.004319271422 0.007631250346 0.008574767352 0.003334478991 0.005542225001 0.006093671584 0.002825256883 0.004579921036 0.004889535268 0.002401270691 0.003954563181 0.00414713844 0.001988242533 0.003261481744 0.003400723944 0.00161783972 0.002649497865 0.00277491836 0.001350476189 0.002201682734 0.002296286048 0.001145756074 0.001861505805 0.00193929635 0.0009809587147 0.001590063816 0.001655327058 0.3958219788 0.5882560383 0.6102241802 0.652536951 1.005519576 0.09775455327 0.1252567585 0.1370318139 0.1473534178 0.2447055023 0.042093635 0.05807501343 0.07960592791 0.08468124063 0.1542721444 0.02083468156 0.02983040266 0.0316412105 0.03810939453 0.05831272757 0.008300181124 0.01043226656 0.01287379444 0.01901221159 0.02342176457 0.004514009846 0.005581520708 0.007890561326 0.008049699618 0.01552159178 0.00337109097 0.003942365892 0.004776886834 0.005729266837 0.0106982153 0.003192145398 0.00325041421 0.003718474919 0.004304626134 0.007684984298 0.002848777505 0.002911629419 0.003367106936 0.003701972552 0.005706167065 0.002453944271 0.002540148268 0.002700352345 0.003387732268 0.004411694035 0.002014907752 0.00211454171 0.002179373868 0.002833934526 0.00351837484 0.001627336963 0.001704320487 0.001788572372 0.002266135813 0.002894495219 0.0013722097 0.001435995992 0.001505157787 0.001909050036 0.002424294066 0.001169004152 0.001222977871 0.00127961439 0.001626841935 0.002054050107 0.001004218711 0.001050404002 0.001097214079 0.001398208412 0.001756704807 

 atom_index 2 n_descriptor 135
1.13473649 0.8362319223 0.686288885 0.3816411599 0.2346153108 0.1057342044 0.04803142954 0.01913693503 0.008811049428 0.004333634918 0.003133546019 0.002366703029 0.00198890114 0.001672835568 0.001423636003 0.6929585671 1.019291591 1.101470636 0.1142544424 0.1956144731 0.2546690681 0.05856055146 0.1152580171 0.1358039053 0.02928748739 0.06113763977 0.06713895173 0.01088259272 0.02610051095 0.02964355326 0.006186422956 0.01384710266 0.01593613574 0.004439600177 0.008252882566 0.009325851769 0.003506823922 0.006126526855 0.006760211058 0.002882600776 0.004776596626 0.005269806454 0.002365968801 0.003910516272 0.004118634841 0.001936639203 0.003117823882 0.003345271962 0.001599863811 0.002608151069 0.002772540431 0.001344222819 0.00218484766 0.002305248695 0.001141752919 0.001850679637 0.001949293376 0.0009780680288 0.001582183711 0.00166489665 0.3889325823 0.5638466238 0.6076323975 0.6958880723 1.011881279 0.09190641356 0.1218661115 0.1343192564 0.1454762032 0.2687988696 0.04034015906 0.06002141484 0.06871934888 0.07927675949 0.1400715617 0.01594847112 0.02301780996 0.03497576791 0.03746081997 0.05597905885 0.006491932798 0.01102139487 0.0146306073 0.02341031758 0.02405215825 0.004066870649 0.006022352181 0.008757102051 0.01077276933 0.01567185755 0.003677421662 0.004162835133 0.005971875989 0.00616718937 0.01071767135 0.003293625523 0.003538055418 0.004321082571 0.004901633787 0.007642630299 0.002775764473 0.003014474046 0.003336727045 0.003984773179 0.005668038338 0.002204905188 0.002606925515 0.002676767148 0.003221889699 0.004394075325 0.001761963467 0.002166919279 0.002195827953 0.002726034355 0.003514996202 0.001493057033 0.001757502295 0.001823347239 0.002295734961 0.002891427726 0.001262621508 0.001481486749 0.001535108465 0.001939349001 0.002421516013 0.001077288802 0.001261428889 0.001306110545 0.001655295738 0.002051651032 0.0009262464234 0.001083047539 0.001120720398 0.001423899194 0.001754633304 

 atom_index 3 n_descriptor 135
0.8969034047 0.780646133 0.226644909 0.04605087992 0.02720195231 0.0169740264 0.01320843865 0.01004643388 0.006563418357 0.004993370658 0.004051395013 0.003291679115 0.002731393681 0.002303784159 0.001960788681 0.616906113 0.6197858758 0.8497892543 0.1378014465 0.1485775407 0.3056268389 0.04956242497 0.05452890509 0.1702306848 0.02812173787 0.03102998931 0.04898432072 0.01848452713 0.01984364202 0.02572777288 0.01265458604 0.0130742771 0.01890167248 0.00922108675 0.0094548687 0.010890966 0.006642024207 0.006912780118 0.008502492917 0.005084904148 0.005362985064 0.006080919311 0.004016940467 0.004251246973 0.004685116755 0.003270152574 0.003438834839 0.003818334927 0.002698121857 0.002824760462 0.003095547098 0.002263338559 0.002371263443 0.002593765007 0.001920572555 0.002009099148 0.002192134984 0.001643377677 0.001716963478 0.001869929147 0.06578311994 0.1201260506 0.4981627547 0.546661882 0.5608549961 0.03816191512 0.06391836974 0.14996938 0.2039507271 0.2152140834 0.02358393483 0.03585648488 0.06379420742 0.07051503942 0.09050585902 0.01421800008 0.02222790823 0.03003955313 0.03227263653 0.05732402074 0.008600046737 0.009713859529 0.01480025614 0.02198053333 0.0227384935 0.006771322198 0.007796064094 0.01043118105 0.01539305854 0.01552589033 0.004823965064 0.006020945996 0.007701497046 0.01075912009 0.01104594968 0.003332597934 0.003727826487 0.005878293247 0.007548577739 0.008117307473 0.002541579369 0.002871322702 0.004621773564 0.005787199767 0.006281089608 0.002077328551 0.002319949889 0.003728316441 0.004596024835 0.004981410554 0.001679097836 0.001869033266 0.003050312462 0.003705914554 0.004008798911 0.001395094932 0.001540043795 0.002522614989 0.003068775284 0.003330184418 0.001176206019 0.001298685691 0.002129335855 0.002586903292 0.002795470664 0.001001446605 0.001105015281 0.001813214977 0.002199325496 0.002370400209 0.0008596555249 0.0009479075259 0.00155604934 0.001884979806 0.002027772403 

 atom_index 4 n_descriptor 135
0.8942249409 0.7881667474 0.2330225561 0.04665220147 0.02598298449 0.01630580274 0.01277821857 0.01013258725 0.006607619834 0.005044457603 0.004082511832 0.003320735169 0.002758728508 0.002321222926 0.001973260273 0.6277320023 0.629878292 0.8553983206 0.1416027893 0.1470676182 0.2996378888 0.04992067276 0.05199445496 0.1681319648 0.0270598596 0.02880341479 0.05155472632 0.01767059672 0.01893451869 0.02399795319 0.01220092933 0.01286388541 0.01871282005 0.009087825854 0.009331667648 0.01119522359 0.006700013867 0.00679025728 0.008535832596 0.005177034501 0.005244380891 0.006248867865 0.004074638808 0.004173640599 0.004862800597 0.003298833738 0.003376745982 0.00395765508 0.002718247374 0.002788572403 0.003217070709 0.002268841101 0.002336867981 0.002691861713 0.00192000603 0.001978823939 0.002272770866 0.001640140803 0.001690616222 0.00193751543 0.05317540114 0.128135768 0.4989829206 0.5362084552 0.5509977237 0.02870639342 0.06818163858 0.1494245739 0.2005088599 0.214096079 0.01859824597 0.03719163449 0.06899914166 0.0736489208 0.07865867402 0.01208142174 0.0219620184 0.02952623794 0.03304477386 0.05588601958 0.008312746447 0.009566166858 0.01471044798 0.02040489216 0.02252037719 0.006070893572 0.0080416635 0.01035760349 0.01463900179 0.01567286741 0.004476901815 0.007146497094 0.007606436577 0.01039038926 0.01101068958 0.003377651328 0.003681883754 0.005792258121 0.007709472983 0.00813571188 0.002637143839 0.002820225388 0.004555975934 0.005997347307 0.006310184562 0.002094727688 0.002396982397 0.003665027004 0.004755777632 0.005006636402 0.00170886775 0.001882589903 0.003004220347 0.003833285833 0.004054075795 0.001428449744 0.00156144115 0.002483868558 0.003174027695 0.003369575226 0.001198043284 0.001316975083 0.002092504321 0.002669772207 0.002818827357 0.001017313117 0.00112119533 0.001780407965 0.002266890322 0.002386055788 0.0008716884012 0.0009623050447 0.001527247338 0.001941141768 0.00203892756 

 atom_index 5 n_descriptor 135
1.103392682 0.9445480048 0.2650372923 0.07418403831 0.0202453641 0.01165158334 0.008849264164 0.006508782327 0.00539885242 0.003731175836 0.003097205257 0.002364655164 0.001978105988 0.001674573568 0.001429938891 0.9657390602 1.006173878 1.017449456 0.6732352609 0.6871779913 0.7055048843 0.2758359927 0.3238719189 0.329940596 0.1215033567 0.1706146912 0.1717218201 0.0689548494 0.09825987552 0.09999897299 0.03853084362 0.04835511854 0.04861104887 0.023445391 0.02868428498 0.02888871063 0.01181231217 0.01408217595 0.01428886209 0.006854283784 0.008388675365 0.008462942724 0.003782388506 0.004425085134 0.004514446611 0.00268189813 0.003134643627 0.003159291928 0.001863846682 0.002090231731 0.002152729553 0.001545009433 0.001743564321 0.001802738635 0.001313615771 0.001482956885 0.001531036805 0.001126466971 0.00127127194 0.001310619837 0.1034628959 0.1194727414 0.2426693768 0.2557934556 0.3509023541 0.04411370028 0.05570619025 0.08046506886 0.09449087206 0.1173289918 0.01678366234 0.0187754581 0.02374531652 0.02978478062 0.03600452099 0.006146227934 0.01147046101 0.013974337 0.0187815508 0.0196984874 0.004292219681 0.008107551704 0.009851782123 0.01259219701 0.01379347162 0.002920664282 0.004479213143 0.006690695457 0.007903804931 0.009036417382 0.002278317183 0.003192219799 0.005086585879 0.0059060367 0.006746368248 0.001754831618 0.002572337467 0.003921009351 0.004529138418 0.005171341594 0.001408693383 0.002031624951 0.003153520282 0.003622157353 0.004102486736 0.001144531811 0.001665068654 0.002558929904 0.002927268716 0.003323227034 0.0009503904688 0.001371238923 0.00212264013 0.002413205537 0.002721082772 0.0007864813581 0.001132634235 0.0017585398 0.002009187245 0.002284175795 0.0006660655218 0.0009596257328 0.001484857172 0.001698853608 0.001930629829 0.0005691735506 0.0008206466951 0.001267337847 0.001448994868 0.001643972979 0.0004899181249 0.0007068316533 0.00109007257 0.00124515526 0.001410522727 

 atom_index 6 n_descriptor 135
1.113237844 0.9531353869 0.2620635878 0.07579236016 0.02106472334 0.01136712557 0.008895019368 0.00651740484 0.00541562047 0.003740969039 0.003107563178 0.002369625208 0.001981579679 0.001677907588 0.001432819516 0.9681077641 1.015675077 1.029939434 0.6574549382 0.6952571461 0.7128244212 0.2723511263 0.3245143491 0.3308136746 0.1230118045 0.1707058298 0.1725785304 0.07039165939 0.09805378532 0.09920420423 0.03933368279 0.04826435928 0.04869223202 0.02354624303 0.02844593567 0.02880311141 0.01199407326 0.01413707072 0.01424532058 0.006951027594 0.008326874911 0.008415737592 0.003858706151 0.00442326001 0.004496204877 0.002753350089 0.003098583713 0.003136984151 0.001888730825 0.002090666986 0.002141633444 0.001569704915 0.001743683461 0.001791235201 0.001335013505 0.001483083889 0.001520894311 0.001144866308 0.001271366592 0.00130177865 0.1068033134 0.1248942835 0.2400034122 0.2577406013 0.4018375699 0.04067352466 0.0457851258 0.07810634488 0.0890903876 0.1164343572 0.01475592681 0.02272948723 0.02554377387 0.03213477035 0.035926763 0.006064402384 0.01199716642 0.01436639185 0.01934376271 0.02243904045 0.004198375837 0.007800050357 0.01014290577 0.0115815424 0.01377662267 0.002866101663 0.004673220514 0.00690003299 0.007840078698 0.008962340428 0.002236487221 0.003364640676 0.005225045084 0.005996803158 0.006702876674 0.001714318939 0.002586501307 0.004031901115 0.004512851379 0.00512624652 0.001372691272 0.002055815426 0.003238626333 0.003624945742 0.004068710897 0.001118758309 0.001684290429 0.002623697373 0.002935066901 0.003285645406 0.0009305485946 0.001389288989 0.002174979488 0.002419256583 0.0026974638 0.0007686428399 0.00114694261 0.001802354045 0.002013007218 0.002260505462 0.0006511085206 0.0009717644337 0.001522358869 0.001702576848 0.00191061911 0.00055644512 0.0008309744906 0.001299355313 0.00145231157 0.001626685893 0.0004789933355 0.0007156835479 0.001117543036 0.001248069223 0.001395486454 

