 atom_index 1 n_descriptor 135
1.428547676 0.9117369204 0.9612048238 0.4182198335 0.2117496732 0.08158964958 0.02806787571 0.0109567483 0.007085926916 0.004841506326 0.003829225903 0.003119744558 0.002617254556 0.002200365563 0.001868726103 0.8031260191 1.181086155 1.434591237 0.4414179872 0.6139109699 0.7650553739 0.5368212723 0.6680112475 0.7613188594 0.4887234192 0.5069530654 0.515173216 0.3577410762 0.3589073375 0.3725250225 0.2110383099 0.2157781983 0.2198933892 0.09896491892 0.1011811978 0.1083245922 0.03825029358 0.04191075751 0.04201428027 0.01400017514 0.01435531411 0.01828352014 0.004512612825 0.00634832073 0.006908613993 0.002693833243 0.003583606167 0.004744030273 0.001976390394 0.002982855527 0.003597821537 0.001678238594 0.002471481347 0.003030789795 0.001428415455 0.002086815969 0.002551870282 0.001224951627 0.001780434456 0.002169603755 0.6112923404 0.724745025 0.7942219024 1.128722784 1.493689329 0.4154641208 0.4276541336 0.4620102999 0.6911525535 0.9007892781 0.1419959313 0.3874173951 0.3952588356 0.3989591333 0.469169721 0.2411293963 0.378149904 0.3799569376 0.3874536687 0.4058023993 0.2047392594 0.2990412098 0.3025196513 0.3034082042 0.3166747322 0.1346878003 0.2281170161 0.2291688773 0.2301192635 0.2418068306 0.06619066264 0.1350220967 0.1362481083 0.1366934487 0.1436158931 0.05404693263 0.07100126407 0.07165688831 0.07275675905 0.07829387942 0.01335525324 0.02697941443 0.02755869953 0.02821420686 0.03283442945 0.009083544709 0.01025117508 0.01041497033 0.01132038642 0.0147343605 0.00201814564 0.002836470115 0.00291717066 0.00355748235 0.006549316244 0.001429328864 0.001638845245 0.00195187884 0.002258245606 0.004739718117 0.001204331746 0.001384352121 0.001648490385 0.001889854054 0.003941437856 0.001026034596 0.001180753957 0.001406728608 0.001601299443 0.003322116352 0.0008812327473 0.00101491603 0.001209521988 0.001369522984 0.002829620839 

 atom_index 2 n_descriptor 135
1.41403958 0.896642875 0.9466594484 0.419532806 0.2155201543 0.08291026627 0.02829059349 0.01135231489 0.007412046282 0.005077711414 0.003996019345 0.003246430654 0.002701026345 0.002270809373 0.001928423771 0.7476766139 1.184105761 1.41751487 0.4378533528 0.5945787368 0.7272753427 0.5394789922 0.6678017538 0.7513574235 0.4916478709 0.506282779 0.518716517 0.3591689251 0.3611370597 0.3751481579 0.2110638488 0.2177844311 0.2196368812 0.09934565779 0.1006358492 0.1075448611 0.03846864074 0.04203377003 0.04286876921 0.01413597492 0.01460478456 0.01832143691 0.004745056232 0.006648461938 0.006959371735 0.002873380637 0.003705160756 0.004778977161 0.002115007068 0.003067159215 0.003657387867 0.001788257622 0.0025318661 0.003078639071 0.001520979893 0.002137031065 0.002592247738 0.001303731763 0.001823103693 0.002204001689 0.5876233574 0.7004123872 0.7693135422 1.08711024 1.48714397 0.4139816173 0.4212389846 0.468028354 0.6808425069 0.8709982712 0.157118589 0.3863231835 0.3933593335 0.3994953468 0.4702296038 0.2669091301 0.3767570415 0.378008099 0.3889801541 0.4089923367 0.2091464548 0.2983825629 0.3027651773 0.3036664473 0.3175555098 0.136801016 0.2273418461 0.2287477697 0.2309477318 0.2402945715 0.0720074263 0.1347548433 0.1361493235 0.1368036527 0.1431828464 0.05533279099 0.07089727961 0.07123001301 0.07316149286 0.07847094158 0.01422510389 0.02698584706 0.02764593544 0.02836393919 0.03277610736 0.009355858791 0.01029443679 0.01051246502 0.01149123035 0.01482375463 0.002207366469 0.002977922489 0.003022223164 0.00367886838 0.006590368972 0.0014145409 0.001705955411 0.002166775881 0.002336862852 0.00476433286 0.001191324005 0.001440658699 0.001828691854 0.001958766749 0.003962366656 0.001014415226 0.001228430102 0.001559116618 0.001660921667 0.003340443991 0.0008708952428 0.001055633659 0.001339568295 0.001421232905 0.002845799349 

 atom_index 3 n_descriptor 135
1.20467769 0.9215830271 0.2449426637 0.07175024179 0.05370521561 0.03688382974 0.02836740374 0.01817056219 0.01218290663 0.008874477713 0.006863285783 0.005548202918 0.004557576592 0.003822697833 0.003239945469 0.7125909253 0.7871042252 1.398143014 0.1899900952 0.1945287425 0.9013621255 0.08323990223 0.09030636792 0.2014184393 0.04024078014 0.05844267861 0.07662747738 0.02866394197 0.04171047775 0.06033650287 0.01832541577 0.02957278767 0.04126107129 0.01345603512 0.02082846135 0.02813880992 0.01009129979 0.01448258987 0.01877544557 0.007330014682 0.01028172522 0.01265651853 0.005751298384 0.007699489101 0.009194318707 0.004742725817 0.006096056348 0.007127087718 0.003852923042 0.004976140493 0.005686145781 0.003202632286 0.004177770547 0.00473358434 0.002696323525 0.003532358276 0.0039806452 0.002293737394 0.003013178257 0.003382446549 0.2350575233 0.2510555368 0.9027286879 0.9415581688 1.155549857 0.1034806321 0.1150959983 0.1887155107 0.2625118394 0.4326035536 0.04907707037 0.05193795581 0.07115880567 0.1129872137 0.1779898898 0.02933509825 0.0317409564 0.04352290597 0.07657335693 0.08406030541 0.01480301604 0.01911174642 0.02461605323 0.04797119191 0.06238943015 0.01262282085 0.01332026872 0.01868512301 0.03857776439 0.04300258063 0.00728807149 0.009821697002 0.01307692343 0.02368690724 0.02855242208 0.005467377332 0.007440967312 0.009919940522 0.01586229028 0.01892656104 0.003768534744 0.005825296853 0.00766569131 0.01111285699 0.01309778174 0.003082480705 0.004664884257 0.006125701112 0.008343528442 0.009620584371 0.002579170586 0.003811644883 0.004985065676 0.006584602343 0.007474788678 0.002086368145 0.003147844365 0.00412935138 0.005437583023 0.006089058445 0.001750365206 0.002634350849 0.003474259718 0.004553752568 0.005057238308 0.001485228584 0.002232379786 0.002949731521 0.003851670081 0.004255681574 0.001271673906 0.001909607723 0.002525426714 0.003287840646 0.003619785908 

 atom_index 4 n_descriptor 135
1.200460192 0.9283003457 0.2395917839 0.06779212099 0.05125562728 0.0335088336 0.02700381802 0.01905239767 0.01380197126 0.0105244895 0.008248011906 0.006574701683 0.005234967087 0.004341798479 0.003656120164 0.7306975149 0.7792958832 1.401525539 0.1853282771 0.1901425062 0.8981100023 0.07965197004 0.08681844954 0.1922758015 0.04147330564 0.05441609975 0.0724964608 0.02844005125 0.03778336292 0.0541137276 0.01883450449 0.02700082558 0.03782143332 0.01384200079 0.02015634394 0.02798916459 0.010347827 0.01538583521 0.02125543715 0.007675313299 0.01181247263 0.01578062636 0.006111995263 0.009130973697 0.01187979985 0.005026069981 0.007183465988 0.009140279408 0.004073823301 0.005765751461 0.007125989572 0.003404289944 0.004704142444 0.005698345008 0.002870405939 0.003934716618 0.004722951855 0.002443428855 0.003334395426 0.003978110579 0.2102290188 0.2484449425 0.9054173348 0.9595139945 1.143077283 0.09482351261 0.1190726733 0.1882725719 0.2462606015 0.4183907302 0.04687630377 0.05362584138 0.06998504973 0.1077062523 0.1703647867 0.02834648946 0.03141019042 0.04330670282 0.07152370919 0.08515156246 0.01353098121 0.01880559565 0.02491057143 0.04526228177 0.0521159908 0.0123493909 0.01320820129 0.0185922657 0.03735684845 0.03812916432 0.007315883279 0.009792665098 0.0129516985 0.02501023361 0.02900988125 0.005126953005 0.007473566931 0.009835283292 0.01897199869 0.02197499493 0.003619561981 0.005884245759 0.007676616232 0.01437281885 0.01643989169 0.002991983974 0.004752767504 0.006140708437 0.01096149966 0.01233298567 0.002515711821 0.003884251244 0.005005007068 0.008583704318 0.009458248218 0.002032944511 0.003235482791 0.004110025825 0.006784740283 0.007257688876 0.001711049641 0.002725489129 0.003448021303 0.005592266493 0.005903765288 0.001453857846 0.002316036788 0.002924175833 0.004686986797 0.004912105084 0.00124581534 0.001984238329 0.002502098854 0.003976232063 0.004147160103 

 atom_index 5 n_descriptor 135
1.23172879 1.155893007 0.3764771004 0.1401272971 0.05662034448 0.03300749804 0.01996668056 0.01216107549 0.009248556142 0.006394886008 0.005160948981 0.003947740876 0.0032766135 0.002753133956 0.002340150317 0.9737759996 1.07042446 1.181771756 0.7147262017 0.8688161569 0.9449614835 0.3268407567 0.3877452041 0.4372187648 0.1701202719 0.1878741931 0.2076876562 0.08956256919 0.1343555852 0.1430806015 0.05805880784 0.06192754397 0.06699792482 0.02686501418 0.03125100843 0.03624182421 0.01724613385 0.02044277564 0.02330428594 0.008612224349 0.01117556264 0.01142926205 0.005904383637 0.007032277156 0.007667603839 0.003876352074 0.005017261124 0.005220918421 0.002940697218 0.003710487794 0.003874563511 0.00245601822 0.003060097942 0.003209712406 0.002084326023 0.002580404412 0.002710749287 0.001784326514 0.002199750012 0.00231298725 0.2045429253 0.3278389657 0.4724734664 0.4978161283 0.6627103859 0.06780927888 0.1414985197 0.1812149914 0.2330035898 0.334800784 0.04472023197 0.07631388304 0.09057364036 0.1271939696 0.1882571211 0.02185471996 0.03738955425 0.04724106641 0.06278337547 0.09226764353 0.01281897171 0.02133975122 0.02824516263 0.03811163167 0.05693729823 0.008557732347 0.01357034439 0.01700053492 0.02080083087 0.02540561825 0.006459893281 0.009763940834 0.01075447823 0.01243494771 0.01544855832 0.004945288175 0.007041590833 0.007563630048 0.007987045321 0.01125053209 0.003936977901 0.005024706133 0.005572893267 0.00595311527 0.008608599746 0.003131768586 0.003807400994 0.004413532946 0.004710862193 0.006667156669 0.002543355518 0.003023072723 0.003557568757 0.003839316128 0.005354747394 0.002122225553 0.002510370604 0.002937927002 0.003188807265 0.004374976219 0.001790665129 0.002113364398 0.002471050964 0.002681133546 0.003641106734 0.001525483835 0.001799804245 0.002100809555 0.002278071742 0.003075030094 0.001310101563 0.001545716777 0.001801529234 0.00195245931 0.002624330711 

 atom_index 6 n_descriptor 135
1.246482584 1.166153847 0.38140543 0.1452087722 0.06341890141 0.03346209964 0.02001638165 0.01233818 0.009284821809 0.006550325629 0.005155238087 0.003920594397 0.003272474664 0.002754117852 0.002342807046 0.9922309092 1.079754539 1.187490143 0.7285004018 0.8946106959 0.9304402232 0.323116554 0.4043349415 0.4659296515 0.1786494876 0.1859665537 0.2030099399 0.08886925975 0.1354382709 0.1418813496 0.05972584746 0.06692483986 0.07492182925 0.02694134202 0.03093361296 0.03436141618 0.01789448255 0.02050708146 0.02200113992 0.008954772875 0.0111942848 0.01205465446 0.006204453269 0.007008168243 0.007314274264 0.003937869892 0.004960107772 0.005014549739 0.003050399541 0.003720754422 0.003729808616 0.002533953092 0.003059842837 0.003113864499 0.002150480312 0.002580167623 0.002635604262 0.001841286634 0.002199723923 0.002251139826 0.2278807454 0.3493530997 0.5040361566 0.5119276282 0.6995493004 0.08196411156 0.1481104094 0.1874497372 0.2663277294 0.349721714 0.04909545227 0.07216997208 0.09199842236 0.1354230165 0.1881363854 0.02217362817 0.03511385913 0.04775776945 0.06741127386 0.100272874 0.01425822758 0.02132007529 0.02963678616 0.04072273463 0.05554878743 0.009205641815 0.01307072831 0.0170556232 0.02270733695 0.02553043872 0.007085652524 0.009448251454 0.01077103251 0.01303810244 0.01629171446 0.005372305444 0.006970074197 0.007129879259 0.007997677726 0.01130831995 0.00425124582 0.005094453086 0.00560889997 0.006231384309 0.008365820064 0.003205135851 0.003678029916 0.004259386023 0.004815127118 0.006436815252 0.00254742568 0.002996369581 0.003416985974 0.003905082466 0.005204098444 0.002117245385 0.002493985302 0.002848276457 0.003246843413 0.004281583841 0.001786506666 0.00210442228 0.002405281468 0.002729278447 0.003567031659 0.001522646452 0.001793530654 0.002049182468 0.002318807986 0.003013460138 0.001308161986 0.001540801289 0.001759501265 0.001987189438 0.002572097089 

 atom_index 7 n_descriptor 135
1.280891048 1.192057673 0.397721834 0.1544920975 0.0681994195 0.0338169775 0.02385486869 0.0160317673 0.01080891627 0.007706034751 0.005860717019 0.004419449497 0.0036011226 0.003021647334 0.002565339332 1.045137335 1.106808705 1.232856762 0.6954295008 0.8800996566 0.9034723424 0.3433225191 0.4348852468 0.4999503078 0.1669790991 0.1919423727 0.2020005348 0.102444562 0.1296276863 0.1438963579 0.06169779376 0.07466589286 0.08130515487 0.02991574905 0.03435117902 0.03772321981 0.01812377511 0.01947394259 0.02485562899 0.01024542693 0.01261678641 0.01596199287 0.006435359954 0.006504517881 0.009193153083 0.004291297804 0.00509078198 0.006445759841 0.003217064421 0.003760559778 0.004643130097 0.00267533676 0.003101007642 0.003791898708 0.002272108419 0.00261791977 0.003182650689 0.001946157851 0.002233640915 0.002703795415 0.2702810606 0.3509081535 0.5692005387 0.5822217027 0.7591333244 0.126012466 0.1495521088 0.2005672148 0.3293977394 0.3837699685 0.05633960043 0.06477446296 0.09685436605 0.1510119924 0.1922054791 0.02294148168 0.02954628014 0.05475840566 0.08235407804 0.1138075957 0.01737934028 0.02049397815 0.0374595289 0.04710373576 0.05647380577 0.01018332598 0.01244357652 0.02230682327 0.02928303299 0.03249539575 0.008043738687 0.009444810801 0.01454368742 0.01775120166 0.02302384853 0.006171400453 0.007000017927 0.007957915195 0.009265388409 0.01647508729 0.004735592749 0.005388721977 0.006013176292 0.007234495223 0.01155720292 0.003689909716 0.004118257056 0.004227892919 0.005409600565 0.008396589451 0.003009675461 0.003343567806 0.003404793839 0.004349604439 0.006377735344 0.002494903288 0.002765713305 0.002817929487 0.003577916974 0.004964801146 0.002106695266 0.00233393004 0.002375357973 0.003000608736 0.004107899597 0.001796146945 0.001989752997 0.002022015745 0.002546912624 0.003453447452 0.001543323097 0.001709706314 0.001735303503 0.002181465053 0.002937111537 

 atom_index 8 n_descriptor 135
1.275463182 1.182939481 0.3936988095 0.1544796414 0.06670579878 0.03346517115 0.02152009492 0.0139780675 0.01053763242 0.007124719444 0.005628737875 0.004350485932 0.003592777968 0.003008930191 0.002553060329 1.014052976 1.09328517 1.248503085 0.6833936567 0.8677046186 0.9119575069 0.3464667657 0.417297674 0.4992594754 0.1685741721 0.1911543053 0.2012651012 0.1030529851 0.119679112 0.1455689244 0.06103180634 0.06922652734 0.0843920427 0.02857487223 0.03284598758 0.03428725117 0.01708023802 0.01919721312 0.02425898556 0.01000327312 0.01206540439 0.01449631846 0.006264072312 0.006530593656 0.008469736646 0.004187362183 0.005082564408 0.006138502371 0.003150689492 0.003733132108 0.004669232315 0.002614950227 0.003084464006 0.003801039361 0.002220070023 0.002604213603 0.003185111272 0.001901599838 0.002221985547 0.002703793756 0.2518313612 0.3524479404 0.5510219725 0.5667917216 0.7699388054 0.1087242543 0.1605367331 0.1875389766 0.315785306 0.3828777811 0.05266053879 0.06937529083 0.08750567184 0.1419565916 0.1970235643 0.02278496775 0.03365027525 0.0482341301 0.07502544372 0.1118151352 0.01571963183 0.02273399888 0.03119459978 0.04300940491 0.05832399188 0.00974615407 0.01360993856 0.01836499427 0.02402457082 0.03201964596 0.007580228786 0.009831893608 0.01251715285 0.01489257692 0.0185181449 0.005720510749 0.007266042964 0.00902755076 0.009499075527 0.01304012416 0.004473015003 0.005242846873 0.006013491855 0.006810851256 0.009678612018 0.003522021684 0.004027477846 0.004251998684 0.005225588617 0.00761685768 0.002912083402 0.003311261762 0.003457086784 0.004261709132 0.006121429213 0.002416903727 0.002730314571 0.002888977746 0.003503327782 0.004939682008 0.002038600365 0.002305495964 0.002435282276 0.002933421477 0.004060525726 0.001737477843 0.001966249233 0.00207386124 0.002488280901 0.003404908839 0.001492708214 0.001689988933 0.001780446407 0.002130505789 0.002891683098 

