 atom_index 1 n_descriptor 135
1.013011392 0.8829111496 0.547598149 0.3905352303 0.2023448307 0.1130226232 0.04661844345 0.02386605179 0.009234078032 0.0062034082 0.003803566136 0.003208430338 0.002570952165 0.002165054822 0.001839361068 0.5809059739 0.7253479442 0.8753304273 0.121342245 0.1255906127 0.1303377622 0.04983751889 0.0603831177 0.06402905077 0.02046114398 0.0251855026 0.02710457249 0.01621948701 0.01772142 0.02111395351 0.0104037569 0.01144023011 0.01661423229 0.007859416479 0.009520308268 0.01328651883 0.005625207934 0.007072433142 0.009392282968 0.004536545935 0.00557409345 0.006935236324 0.003558138622 0.004289338428 0.00515308872 0.002957088223 0.003505189909 0.004108436973 0.002441735273 0.002865159389 0.003329384924 0.002047552909 0.002385844138 0.002749369944 0.001739212442 0.002016118665 0.002309578287 0.001489711135 0.001720194896 0.001961875055 0.1477872084 0.1583436036 0.3995284233 0.4420561051 0.4816127537 0.05476693346 0.05845119713 0.09744899029 0.1175323442 0.1254565836 0.02595126577 0.02797550327 0.03185195022 0.04319231062 0.05294220479 0.01507639951 0.0158923387 0.01997160727 0.02440589831 0.02686564326 0.009804323308 0.009974604724 0.01440546519 0.01548720638 0.02186165503 0.006894035007 0.006907868163 0.009799471185 0.01182747123 0.01817992759 0.005000494896 0.005038464586 0.006958554428 0.00928619213 0.01328894584 0.003834923683 0.003863322069 0.005259469281 0.007092477423 0.009346391112 0.002996469826 0.003021916279 0.004096366539 0.005385210245 0.006744112994 0.002431975593 0.002441144402 0.003327569851 0.004215592346 0.005110386886 0.001987457974 0.001997673791 0.002745401847 0.003393359417 0.004039330206 0.001658600229 0.001662948896 0.002286316804 0.002792008716 0.0032937028 0.001398651453 0.001401328163 0.001929704623 0.00233470972 0.002734397533 0.001190927213 0.00119251436 0.001644355705 0.001975687148 0.002301460833 0.001022308818 0.001023203401 0.001412433606 0.001687963158 0.001958114894 

 atom_index 2 n_descriptor 135
0.9764964291 0.8790104961 0.5501275956 0.3919572021 0.2006305094 0.1108609104 0.04473808788 0.02279060173 0.008631611243 0.005891831807 0.00359815985 0.003063938687 0.002461482218 0.002078148259 0.001768677313 0.5859205454 0.6923980792 0.7971071244 0.1210242373 0.1280405569 0.1321535731 0.05471679633 0.06168722416 0.064549822 0.02074143868 0.02399513761 0.02708668628 0.01545056151 0.01602701041 0.01804362682 0.00948015869 0.01049098482 0.0123821786 0.007775775863 0.00806533986 0.01055228157 0.005828873503 0.005894874504 0.00791093929 0.00469765758 0.004856676976 0.006149801829 0.003675142655 0.003852734314 0.004684486046 0.003045524354 0.00320221443 0.003785144639 0.002509599991 0.002633966149 0.003079034071 0.00210130619 0.002203869159 0.002551088881 0.001782892496 0.001868740234 0.002148486711 0.001525850522 0.001598413674 0.001828485595 0.1354749318 0.1440574643 0.3827655687 0.423411915 0.4503244893 0.05212727252 0.05520482902 0.1050874406 0.1189954593 0.1214118504 0.02580368208 0.02711003469 0.03501494796 0.04596094837 0.05001546183 0.01499696439 0.01572353062 0.01840733527 0.02181410656 0.02546867716 0.009577229389 0.01008627643 0.01230356183 0.01399117949 0.01581046466 0.006684187624 0.007025458799 0.008707758928 0.009700400821 0.01306911445 0.004863914352 0.005093162284 0.006748016393 0.007175149247 0.01038010505 0.003719564303 0.003895052536 0.005312132746 0.005646506945 0.007866756115 0.002899806003 0.003036322142 0.004176330482 0.004493729732 0.005911484613 0.002347305342 0.002456247474 0.003382081355 0.003632106717 0.004566012356 0.001916403412 0.002008286503 0.002782128574 0.002973166292 0.003636697369 0.001597938322 0.001672820763 0.002313069431 0.002472850335 0.00297805714 0.001346443269 0.001409818559 0.00194916184 0.002079501567 0.002479786608 0.001145848057 0.001199888984 0.001658929054 0.001767033821 0.002091814435 0.0009832078112 0.001029642121 0.001423598976 0.001514362027 0.001782764474 

 atom_index 3 n_descriptor 135
1.771376671 0.2352541721 0.0127177317 0.02458625762 0.007684710918 0.004942482672 0.003604636359 0.002732056747 0.002145261181 0.001683140559 0.001356460488 0.001113320164 0.0009308010122 0.0007821262317 0.0006645790157 1.747578128 1.752911261 1.753970423 0.1565750862 0.1611346298 0.1659798775 0.03442432617 0.03633153347 0.03731093375 0.01038266229 0.01255908102 0.01373599975 0.003663066247 0.005626125659 0.006655646731 0.004373610825 0.005725121903 0.006381367882 0.00288606268 0.003938980118 0.004400236185 0.002261035809 0.003052368441 0.003368749203 0.00177092368 0.002382929886 0.002600906544 0.001490829078 0.001963089385 0.002113707786 0.001168562662 0.001547582827 0.001662830515 0.0009776494428 0.00128048196 0.001365085359 0.0008392197708 0.001085590442 0.001150402661 0.0007141279852 0.0009187458586 0.0009712386384 0.0006123176809 0.0007846465962 0.0008281243492 0.08660050446 0.08930272045 0.09014266169 0.09617916475 0.09972615948 0.3470734151 0.3480455194 0.349526593 0.3541611931 0.3580105207 0.5841565631 0.5845951676 0.5872024696 0.5907959772 0.5940284868 0.5452695965 0.5457393708 0.5475138271 0.5505633104 0.5530268521 0.3177862141 0.3179273457 0.3200167557 0.3220649825 0.323926237 0.117763987 0.1179848947 0.1192703615 0.12095869 0.1222991996 0.02661993731 0.02672524861 0.02794260671 0.02911583248 0.03009550121 0.00365483994 0.00376292805 0.004648752345 0.005553970133 0.006254873277 0.0005742498947 0.000653298845 0.001403028376 0.00206895484 0.002577509821 0.0003723630459 0.0004395807164 0.001046662747 0.001565970895 0.001943732478 0.0003037766898 0.0003574263795 0.0008620720969 0.001272323846 0.001563502201 0.000255838553 0.0003015114169 0.0007194449593 0.001056253327 0.001291617081 0.0002164319378 0.0002550428612 0.0006074120652 0.0008819572406 0.001073383809 0.000184799334 0.0002177582968 0.0005172920369 0.0007458929627 0.0009051768766 0.0001589837941 0.0001873338173 0.000443957743 0.0006369655284 0.0007714344311 

 atom_index 4 n_descriptor 135
1.770877349 0.2349150904 0.01226761288 0.024210085 0.007227142536 0.004548133342 0.003262894079 0.00244674347 0.001915670525 0.00150319269 0.00121460628 0.0009998906718 0.0008365645886 0.000705759576 0.0006011659662 1.746808796 1.750138783 1.754279386 0.1543310536 0.1554087025 0.1680334021 0.03416647391 0.03493003226 0.0385319467 0.01008007365 0.01085101141 0.01471955257 0.003387261661 0.004095956436 0.007284058119 0.004185771062 0.004698956423 0.006652246632 0.002743677034 0.003159293712 0.004499542941 0.002155567323 0.002481612988 0.003373233013 0.001691577796 0.00195091833 0.002561583729 0.00143191975 0.001640753468 0.002067627983 0.001121116444 0.001290987413 0.001614673142 0.0009413178984 0.001081527826 0.001329960968 0.0008102994999 0.0009259550053 0.001120751129 0.0006903763016 0.0007872035774 0.0009471428516 0.0005924604892 0.0006744684707 0.0008082039783 0.08526986256 0.08837443461 0.08848672659 0.09385108425 0.102074097 0.3467112579 0.3475959692 0.3484380861 0.3509085949 0.3609018582 0.5840069206 0.5844016003 0.5862499849 0.5878957798 0.5960416848 0.5451192964 0.5455447251 0.5467571267 0.548350169 0.5542661276 0.3177585852 0.3178900824 0.3194370696 0.3203120441 0.3245087895 0.1176850103 0.1178861345 0.1188153295 0.119714988 0.1224982318 0.02658928983 0.02668227815 0.02760117421 0.02817511347 0.03007686614 0.003613199943 0.003711817816 0.004391445233 0.004888188782 0.006143667771 0.0005488896105 0.0006166646951 0.001213676615 0.001584059898 0.002440357235 0.0003478627056 0.0004093797269 0.0009037166223 0.001205875376 0.001810540695 0.0002859177688 0.0003321533355 0.0007498163651 0.0009971517031 0.001438639058 0.0002395819925 0.0002805212767 0.0006274654279 0.0008320217357 0.001183412052 0.0002027704934 0.000237273702 0.000533405981 0.0007022985242 0.0009860847238 0.0001731553646 0.0002025895937 0.0004561208172 0.0005978647916 0.0008327039344 0.0001489756088 0.0001742875898 0.0003925705327 0.0005129256583 0.0007103509881 

