 atom_index 1 n_descriptor 135
1.376123836 0.81962609 0.6401942074 0.4175156397 0.1930051585 0.07423705693 0.02386014075 0.008931121793 0.004494202391 0.003291257729 0.002625625175 0.002170905522 0.001824868789 0.001542851877 0.001316762544 0.9705381859 0.9995424638 1.054429422 0.4430823615 0.4492100179 0.4623123983 0.5153610933 0.5166826301 0.5179910922 0.4979952487 0.4989722657 0.5018346687 0.3510888593 0.3522364265 0.3540437738 0.2093674126 0.2094387094 0.210103225 0.09600196568 0.09639181259 0.09704618922 0.03966206054 0.03970997178 0.04006085471 0.01261548939 0.01270650227 0.01291165558 0.005220287888 0.005243855886 0.005402611253 0.002732328641 0.002775286319 0.002860630331 0.002243456645 0.002272988653 0.002348230967 0.001877686861 0.001902356052 0.001965511144 0.001594744457 0.001615269776 0.001669491371 0.001366061449 0.001383383899 0.001430206313 0.5029747969 0.5235273794 0.7819321255 0.8350703277 0.8501620039 0.4110481087 0.4175686043 0.4654448469 0.4759725569 0.4814577798 0.3842276404 0.3844271592 0.3876490649 0.3946653979 0.394915535 0.358430744 0.3599701122 0.3693954445 0.371344655 0.372261302 0.2898418164 0.2900507847 0.2907868269 0.2921077513 0.2928647802 0.2099797987 0.2105805317 0.2162232754 0.2172080219 0.2175872685 0.1266006181 0.1267736691 0.1270643795 0.1274652107 0.1277464004 0.06499891544 0.06536203577 0.06773211888 0.0681772305 0.06835512474 0.02661927109 0.02670256528 0.02685021796 0.02701581769 0.02703611298 0.009555599655 0.00977392827 0.01060010602 0.01078476405 0.01086379522 0.003203229583 0.003325456352 0.003594454729 0.003681063006 0.003729780332 0.001831963679 0.001951186657 0.002256335563 0.002337955028 0.002380258627 0.001546964676 0.001647395503 0.001906998419 0.00197682023 0.00201240957 0.00131834877 0.001403919038 0.001625989488 0.001685696386 0.001715875599 0.001132500321 0.00120599976 0.001397126599 0.001448457197 0.001474262954 

 atom_index 2 n_descriptor 135
1.277968406 0.8173286833 0.6289613179 0.4260430485 0.1885680707 0.0752416989 0.02308519289 0.009014515464 0.004370692393 0.003267083615 0.00259644753 0.002148963501 0.001821628059 0.001537152298 0.001311514453 0.7638123118 0.9172704181 0.9534161178 0.4496389226 0.4560563197 0.4568173566 0.51644269 0.5167297441 0.5205089761 0.5000108429 0.5005510537 0.5046690163 0.3489713985 0.3504594327 0.3510618911 0.2092213798 0.2092615316 0.2101386501 0.09512140063 0.09574319743 0.09598059356 0.0396831391 0.0397057945 0.04004782585 0.01239101624 0.0125292208 0.01259566 0.005222523457 0.005239753438 0.005385918734 0.002681172838 0.002721937649 0.002745468863 0.002234192117 0.002249760297 0.002317312059 0.001866161381 0.001882089356 0.0019298232 0.001584545783 0.001598566206 0.001637639304 0.001357383841 0.001369515169 0.001402553538 0.444745038 0.4475973358 0.7400904831 0.7554955946 0.7658386269 0.3957363317 0.3964142269 0.467295058 0.4716067838 0.4821603993 0.3896078732 0.3901011809 0.3955962176 0.3984340666 0.3987376381 0.3549826646 0.3550968992 0.368858441 0.3694938524 0.3719876004 0.2914741621 0.2916850656 0.2923983757 0.2951207645 0.2953434125 0.2084783941 0.2085137434 0.2156798144 0.2159101759 0.2165632034 0.1275053941 0.1276146674 0.1280423854 0.1286621252 0.1288075062 0.06429885047 0.0643118962 0.06751152165 0.06758838141 0.06782586303 0.02696206705 0.02698664818 0.02706069432 0.02708822893 0.02710124662 0.009281133222 0.009287608701 0.01053029545 0.01053723943 0.01057045173 0.00318928018 0.003202590936 0.00359336756 0.003613282636 0.003625353181 0.001764989805 0.001775578377 0.002241422645 0.002257512471 0.002262934544 0.001489304204 0.001496956062 0.001894545511 0.001906860597 0.001912337357 0.001268645958 0.001274873797 0.001615671468 0.001625955515 0.001630661875 0.001089504148 0.001094748685 0.00138852252 0.001397336347 0.001401302841 

 atom_index 3 n_descriptor 135
1.372295101 0.8204180103 0.6389737911 0.4177378548 0.1926268 0.07421302871 0.02378417006 0.008915182722 0.004471907436 0.003278713757 0.002613587527 0.002161126856 0.001821648635 0.001538699085 0.001312878875 0.9649830771 0.9918125939 1.052382543 0.4462123773 0.4486486366 0.4615501983 0.5151321685 0.5165937087 0.5175523488 0.4986919452 0.499202645 0.5010261194 0.3513935466 0.351563784 0.3538423784 0.20933696 0.2096276299 0.2098977864 0.09612327695 0.09612866983 0.09700180815 0.0396817245 0.03978787062 0.03997297124 0.01259984144 0.01266817031 0.01291584399 0.00521270849 0.005285125216 0.005371542491 0.002713187804 0.002776390239 0.002863852048 0.002233413956 0.002292015358 0.002343533809 0.001868122202 0.001915791959 0.001961508658 0.001586417608 0.001626369189 0.001665558246 0.00135889491 0.0013929005 0.001426545673 0.4997969293 0.5201383935 0.783519589 0.8348982791 0.8439327204 0.4103755251 0.4166979359 0.4649276778 0.4771721182 0.4808177117 0.3846274141 0.3852507357 0.3869747645 0.3950994727 0.3954018474 0.3582264743 0.3597240623 0.3689609434 0.3714467205 0.3721120055 0.2900559061 0.2902152089 0.2908790909 0.2923004213 0.2928598259 0.2098805135 0.2104648803 0.2161035176 0.21710193 0.2176173744 0.1268180755 0.1268915686 0.1272259258 0.1274242512 0.1276224997 0.06495890464 0.06531109777 0.06769665879 0.06814153004 0.06833545729 0.0266786665 0.02676614399 0.02685617651 0.02696343938 0.02706643055 0.009546505964 0.009759476886 0.01059406992 0.01077159771 0.01084745231 0.00321382532 0.003336273546 0.003587845369 0.003658976316 0.00374940838 0.001836132968 0.001954572463 0.002256658844 0.002325782547 0.002391167548 0.001550329329 0.001649904937 0.00190548164 0.001965840865 0.002020686611 0.001321143439 0.001405921489 0.001624299128 0.001676238707 0.001722614537 0.001134863251 0.001207654686 0.00139555108 0.001440333008 0.001479908156 

 atom_index 4 n_descriptor 135
1.346356295 0.8196845094 0.636320838 0.4201406857 0.1915290529 0.07450638591 0.02359124132 0.008944257312 0.004445949593 0.003276678028 0.002611204388 0.002159154821 0.00182207362 0.001538895298 0.001313120588 0.8700684945 0.9962273163 1.035238924 0.4437645968 0.4534525321 0.4607718542 0.5153944495 0.5168997061 0.5180996707 0.4979400131 0.5001887503 0.5025665251 0.3496298417 0.3523530958 0.3529307028 0.209159734 0.2096414528 0.2099732791 0.09540078903 0.09649097383 0.09663709621 0.03958742651 0.03984710379 0.03999755588 0.01243024796 0.0127244803 0.01282069829 0.005190286518 0.005281868062 0.00538114886 0.002689637159 0.002747304245 0.002848370975 0.002236781055 0.002261124111 0.002343165739 0.001872723094 0.001885422104 0.00196110695 0.001590344842 0.001600351321 0.001665544485 0.001362163476 0.001370740132 0.0014267436 0.4783099992 0.5011167622 0.7642034013 0.8049876624 0.8387753819 0.4045080431 0.411445175 0.4653316438 0.4728057481 0.4853728419 0.3851005798 0.3871272824 0.3893249424 0.3959637857 0.3965951936 0.3569549613 0.3585754961 0.3689179546 0.3708674407 0.3722706546 0.2901748072 0.290660409 0.2909671287 0.2934689973 0.2936014915 0.209345527 0.209991646 0.215789814 0.217071328 0.2171954582 0.1266847011 0.1272584237 0.127330133 0.1279664231 0.1280078092 0.06468383731 0.06507987412 0.06753186393 0.06812508335 0.06817843835 0.02673098441 0.02679491731 0.02691922054 0.02704078274 0.0270643278 0.009416084042 0.009659991291 0.01050446219 0.01075324332 0.0108051964 0.003177652948 0.003319570072 0.003565742735 0.003655292061 0.003726627392 0.001785798961 0.001925672771 0.00222018449 0.002320755275 0.002372012903 0.001507657272 0.001624827451 0.001874652214 0.00196203185 0.002004812745 0.001284654749 0.001384316845 0.001598071256 0.00167339254 0.001709176941 0.001103450184 0.00118898478 0.001373074515 0.001438194657 0.001468398823 

 atom_index 5 n_descriptor 135
1.580725107 0.5781255828 0.09404348869 0.07401464997 0.05307383319 0.04037221649 0.02409445325 0.01574532471 0.009684585697 0.006142778641 0.004222702306 0.00316488038 0.002575643595 0.0021678701 0.001839462146 1.570616621 1.57985911 1.587325036 0.4401933684 0.4461988148 0.4649306762 0.1429161079 0.1516440562 0.1637612772 0.04656959469 0.05574907607 0.06688400051 0.03465297217 0.04168226842 0.04882104286 0.02608375008 0.03049843633 0.03315641065 0.01846329671 0.01978166046 0.02093639107 0.01122702083 0.01239181821 0.0131772818 0.006620963461 0.008096193677 0.008265533012 0.004287492012 0.0053577155 0.005381542221 0.003082870821 0.003744958617 0.003769552034 0.002478159294 0.002835546407 0.002897194228 0.002122259857 0.002364535841 0.002440579964 0.0018034568 0.001987546585 0.002059489768 0.001542520332 0.001688058149 0.001753392408 0.2306384345 0.23302143 0.2695235317 0.2727682596 0.2884479703 0.03460886676 0.03619851076 0.1094838563 0.1119387309 0.1297149044 0.02224596395 0.02328473075 0.07757158635 0.0793898733 0.09094859839 0.008398579564 0.008912147714 0.06036092317 0.06195936395 0.07159444246 0.005298196657 0.005621443773 0.04416022129 0.04526984264 0.04970947125 0.003343617266 0.003536605079 0.03032987406 0.03292868279 0.03415568428 0.002366081763 0.002480877846 0.01721470113 0.02074788279 0.02306457103 0.001773525309 0.001843614039 0.009344168604 0.01232678861 0.01460873362 0.001365894487 0.00140822181 0.005508917606 0.007416777617 0.009117562574 0.00110187138 0.001132997003 0.003712897908 0.004813559362 0.005918147945 0.0009053092975 0.0009289800813 0.002807715911 0.003478093199 0.004199417331 0.0007610730189 0.0007791391287 0.002331019491 0.002783072015 0.003252724253 0.0006438720646 0.0006591196127 0.001964798288 0.00233278065 0.002708098607 0.0005497003538 0.0005626911778 0.001668018076 0.001971342648 0.00227848076 0.00047287889 0.0004840219092 0.00142751972 0.001681184888 0.001937083907 

 atom_index 6 n_descriptor 135
1.579762665 0.5766603766 0.09136241033 0.0717848069 0.05174193832 0.0395568463 0.02395153362 0.01590662248 0.009900731459 0.006314977563 0.004343511088 0.003245495186 0.002625510078 0.002205804778 0.001869534128 1.56864879 1.582936241 1.58539209 0.4341244878 0.444331732 0.4610305884 0.1405320606 0.1526814785 0.1593641637 0.04395266279 0.05694712595 0.06320357818 0.03256063057 0.04247649483 0.046776964 0.02463027676 0.03104757452 0.03276526788 0.01773060766 0.02052046443 0.02105813111 0.01192639697 0.01205951879 0.01344648889 0.007059287088 0.007851353084 0.008696562897 0.004514739221 0.005154033678 0.005822844925 0.003213074305 0.003603759436 0.004099579848 0.002558691805 0.002755052715 0.003103762314 0.002193243598 0.002309821069 0.002571382289 0.00186316447 0.001944734032 0.002157593159 0.001592959538 0.001653209949 0.001830759265 0.220604426 0.2287506099 0.260083984 0.2765227127 0.2846794085 0.03460565785 0.03613247241 0.1042219131 0.1141636894 0.1226326616 0.02234835828 0.02345340587 0.07415349392 0.08087305224 0.08639291641 0.008428866628 0.00904660407 0.05659549198 0.06351358041 0.06780710812 0.005313886332 0.005713000178 0.04146385197 0.04636525281 0.04819600402 0.003336329642 0.003577570756 0.03041970408 0.03242652463 0.033914101 0.002360981642 0.002504798312 0.01905748398 0.01963652956 0.02302315192 0.00177236173 0.001863915267 0.01055157875 0.01175231726 0.01489734321 0.00136487969 0.001420614929 0.006134008695 0.007119662296 0.009522221232 0.001101192189 0.001144333513 0.004026105208 0.004659679784 0.00626685349 0.0009042802988 0.0009346501749 0.002994651248 0.003387504787 0.004453376755 0.0007599249195 0.0007845934128 0.002478070572 0.002715044554 0.003397890085 0.000642952397 0.000664046059 0.002090065898 0.002274861748 0.00281454799 0.0005489356646 0.0005669319013 0.001773748336 0.00192232339 0.002361437857 0.0004722304473 0.000487669903 0.001517308107 0.001639436631 0.002003917909 

 atom_index 7 n_descriptor 135
1.581572746 0.5796258662 0.09719394541 0.07641065585 0.05425027334 0.04059507867 0.02368296484 0.01523481312 0.009373096661 0.00600529389 0.00416389238 0.003140745943 0.002556589683 0.002151022599 0.001825218521 1.572977942 1.575600137 1.589852574 0.4373871575 0.4509113871 0.4768653638 0.1432454148 0.1505592025 0.1711858199 0.0469625479 0.05425750003 0.07312294676 0.03485745351 0.04037555453 0.05225172787 0.02609849264 0.02922411737 0.03397239886 0.01783825534 0.01939663722 0.02033928206 0.01036058628 0.01208092185 0.01301635546 0.006185827328 0.007470584664 0.008576754621 0.004096982571 0.004839530022 0.005738655292 0.002994809821 0.003401116015 0.004028468219 0.002438317787 0.00263942272 0.003041836858 0.002085223908 0.002235171359 0.002521479619 0.001772661823 0.001889958429 0.002115612234 0.001516960058 0.0016111357 0.001794987385 0.2276729365 0.24311337 0.2646220128 0.2897568394 0.2951448727 0.03410352115 0.03625354213 0.1050572548 0.121000742 0.1370585684 0.02196980752 0.02308452029 0.07469137092 0.08542950233 0.09527548965 0.008364882066 0.008979963672 0.0577612201 0.06767793133 0.07420224364 0.005301351701 0.005714696246 0.04243764258 0.04889679348 0.04911971016 0.003338807219 0.003657337534 0.02836107209 0.03255151946 0.03479301419 0.00234766956 0.00256689784 0.01498210656 0.02149022258 0.02238334288 0.001744826967 0.001902788712 0.008023109017 0.01265087075 0.01428780748 0.001340843292 0.001452940819 0.00486300317 0.007547074311 0.009066156859 0.001079673719 0.00116828706 0.00335923961 0.004890074967 0.005960945074 0.0008895268531 0.0009583961429 0.002568859844 0.003553357228 0.004251938393 0.0007457364656 0.0008050907864 0.002135019939 0.002863135079 0.003269224896 0.0006311580104 0.0006804643583 0.001799506313 0.002403900995 0.002713497112 0.0005389610532 0.0005807288769 0.00152874981 0.002033494152 0.00227960413 0.0004636984598 0.0004994512495 0.001309273794 0.001735387737 0.001936239939 

 atom_index 8 n_descriptor 135
1.575434278 0.573689929 0.07946012211 0.06037394452 0.0434417499 0.03097132342 0.01850706138 0.01292701372 0.008913973975 0.006320766465 0.004649810535 0.003564474411 0.002803761284 0.002313604483 0.001942288442 1.57182524 1.573800731 1.585053366 0.4111683952 0.4195212108 0.4534209423 0.129418878 0.136212366 0.1618813675 0.03149304112 0.0397577259 0.06452677355 0.02196939012 0.02912039271 0.04608612251 0.01626755324 0.02225447709 0.03030591412 0.01215127775 0.01659799346 0.01834057996 0.008878512285 0.01103881949 0.01226742505 0.006223812647 0.007725253645 0.00876150544 0.004447688223 0.005683932926 0.006229326288 0.003328938279 0.004228047247 0.004534347541 0.002685101808 0.003265133419 0.003488109297 0.002245020755 0.002630432119 0.002765344845 0.001892519361 0.002182367314 0.002281930963 0.001611263206 0.001838848347 0.001916992486 0.1827825703 0.1877612791 0.2380382487 0.2524379003 0.255951601 0.03345773297 0.03398715119 0.07311913507 0.08913662282 0.1282985577 0.02256579144 0.0227695036 0.05305252572 0.06392438386 0.0907345813 0.00944199161 0.009494192986 0.03579741628 0.04680771239 0.07079389474 0.006217524456 0.006244402584 0.02535969283 0.03423804065 0.04772351071 0.003923091673 0.003958333043 0.01904999724 0.02573597855 0.03034956001 0.002729936674 0.002756605542 0.01372307596 0.01630148932 0.0204782853 0.002012081375 0.002030524693 0.008392287791 0.01146877737 0.01431830416 0.001520666668 0.001532190216 0.005382257268 0.008515592868 0.00986924254 0.001216577015 0.001224717973 0.003826703147 0.006327099314 0.006848949836 0.0009896975866 0.0009946485097 0.002936347001 0.004786121644 0.005020450675 0.0008259892994 0.0008312048578 0.002395637527 0.003624915221 0.003761627955 0.0006978742821 0.0007019011397 0.002002340274 0.002957427086 0.003036129362 0.0005951478337 0.0005984982851 0.001692820634 0.002460919475 0.002515055523 0.0005115223343 0.0005143742633 0.001445007342 0.002076680417 0.002117352019 

