 atom_index 1 n_descriptor 135
1.661330312 0.1196442517 0.04929028574 0.03631954934 0.01187306066 0.008509374868 0.006157405267 0.004748916101 0.003733043506 0.00300720792 0.002458263882 0.002031792127 0.001701617239 0.001442511588 0.001232992745 1.068038762 1.121928433 1.225971316 0.08292859107 0.08439232986 0.08581672235 0.03315469055 0.03492879948 0.03789873239 0.02063929655 0.02228541381 0.02454529804 0.01086748652 0.01123006035 0.01182664001 0.008181941808 0.008350921003 0.008685011099 0.006222814116 0.00629477804 0.006477442762 0.00481428465 0.004855234061 0.004967532625 0.003835822568 0.003861255498 0.003945471698 0.003102238394 0.003128928991 0.003197269079 0.002543749897 0.002562153424 0.002624672264 0.002105354995 0.00212279432 0.002172845671 0.001781772812 0.00179644686 0.00183960406 0.001516359177 0.001528954031 0.001565949109 0.00130047378 0.001311353957 0.00134323983 0.3911179141 0.4032729929 0.6355440487 0.6424815168 0.6702929358 0.5711762123 0.5761005842 0.6177351043 0.6302135941 0.6358266384 0.5735480425 0.5737499926 0.5773236484 0.577486386 0.57805914 0.4195134943 0.4212361316 0.4283165414 0.4311667681 0.4331559074 0.2092115796 0.2096746682 0.2099245622 0.2108657694 0.2110705489 0.07904738419 0.07971032415 0.08204894612 0.08265693497 0.08306602862 0.02003185305 0.02029486129 0.02039215635 0.02041753341 0.0205644939 0.005646141237 0.005934908972 0.006643994152 0.006788940857 0.006991367138 0.002819824685 0.003020038289 0.003422847362 0.003496626639 0.003644986211 0.002238101689 0.002409968631 0.002777604532 0.002849556305 0.00297603201 0.001847898098 0.001984478652 0.002287242275 0.00234365469 0.002453787458 0.001542042927 0.001657809791 0.001911889559 0.001960839757 0.00205022469 0.001302145875 0.001399844276 0.001615778671 0.0016576581 0.001733991597 0.001110107412 0.0011933635 0.00137830111 0.001414366232 0.001479879412 0.0009538645833 0.00102538006 0.00118485414 0.001216102827 0.001272672646 

 atom_index 2 n_descriptor 135
1.659962647 0.1179580013 0.04972453905 0.03800178868 0.01222834804 0.008773592804 0.006291611711 0.004828226955 0.003790903361 0.003050745228 0.002491380675 0.002060525481 0.001725465631 0.001462558492 0.001250034308 0.9917182626 1.131871869 1.220513183 0.08280218846 0.08463686126 0.08721790634 0.03374576392 0.03591090945 0.0399635833 0.02101566 0.02277038047 0.0265053002 0.01100274661 0.01132054461 0.01272429228 0.008258570649 0.008393580716 0.009271622133 0.006255174436 0.006329933781 0.006831132832 0.004840597865 0.004883179425 0.005184077946 0.003852253586 0.003891046816 0.00409792391 0.003121223101 0.003147003346 0.003326570407 0.002558648755 0.002581382897 0.002729238293 0.002119035979 0.002136669589 0.002251843976 0.001793926206 0.001808673374 0.001906831019 0.001526977892 0.001539361962 0.001622640866 0.00130975263 0.001320271962 0.001391480921 0.3868070341 0.3950760566 0.6190038542 0.6340130734 0.6486482563 0.5712294695 0.5744704157 0.6169434045 0.6290425392 0.6355342273 0.5736325841 0.5752125077 0.5775103225 0.5782719412 0.5792754751 0.4195043629 0.420858283 0.4280619466 0.4307664099 0.4339820032 0.2093657795 0.2098206651 0.2103836439 0.2109671339 0.2113083174 0.07907112325 0.07957810408 0.08195323719 0.08248938895 0.08310715744 0.0200696582 0.0202739337 0.02038659879 0.02052638687 0.02068665584 0.005679776183 0.00589498083 0.006623734469 0.00677675258 0.007005900577 0.002850113272 0.003001584462 0.003410556393 0.003510837571 0.003663690674 0.002266719039 0.002396948275 0.002768554293 0.002849440113 0.002979048326 0.00186813688 0.00197144183 0.002282285608 0.002348404543 0.002454561167 0.001560743152 0.001648139928 0.001906860516 0.001963793266 0.002053798185 0.001318024099 0.00139181567 0.001611879428 0.001659749998 0.00173588035 0.001123714435 0.001186617022 0.001375181639 0.00141595186 0.001480969645 0.0009656037087 0.001019646392 0.001182314882 0.001217342376 0.001273293184 

 atom_index 3 n_descriptor 135
1.815720074 0.2894961499 0.03565706803 0.05102102736 0.03377926167 0.02578727797 0.01411106695 0.009888220897 0.006630912463 0.004909032634 0.003795210748 0.003060834314 0.002515097102 0.002101855139 0.001777722707 1.641188112 1.653074015 1.659220941 0.1355222617 0.147092199 0.1561745399 0.07303937599 0.07590806323 0.08426703345 0.01363172245 0.02156354544 0.03858762062 0.01277823999 0.0230373548 0.03389432946 0.01092655196 0.0194284823 0.02343037249 0.00761696563 0.01321132454 0.01372683074 0.006114291521 0.008940583609 0.009482194743 0.004615810544 0.006110561751 0.006634265221 0.003553718875 0.004529357893 0.004883501343 0.002921911694 0.003646210484 0.003885708995 0.002349150749 0.002931504763 0.003102669206 0.001977530071 0.00245270667 0.002586063931 0.001668318606 0.002064243173 0.002169950404 0.001421341444 0.001755563349 0.00184130118 0.1467224149 0.1531196452 0.2344345113 0.2466079436 0.2572908655 0.03111087406 0.03391144536 0.03986716524 0.04132788339 0.043296435 0.02127489089 0.0231561027 0.02456776314 0.02523541654 0.04431451873 0.008374370223 0.008934566809 0.01335237028 0.02363106396 0.04465417547 0.006154735302 0.006598817698 0.01313405794 0.02332548304 0.03361942869 0.003415389652 0.003696037105 0.01008583246 0.01771403448 0.02043244128 0.002846671386 0.0030657928 0.007683637513 0.01189579006 0.01235699625 0.001938059511 0.002100647253 0.005378290506 0.00730581185 0.008132340114 0.001656688754 0.001785657053 0.004064809574 0.00513438699 0.005756073545 0.001260753381 0.001365749996 0.003088874925 0.003820705666 0.004240156421 0.001082492284 0.001164817032 0.00250228253 0.003061445922 0.00336840563 0.0008910842141 0.0009622144192 0.002037163153 0.002487972351 0.002721966741 0.0007529278734 0.0008127427073 0.001695172838 0.002065124151 0.002252495038 0.0006420643491 0.0006929888131 0.001428797509 0.001737723417 0.001891197476 0.0005518354305 0.0005955588567 0.00121674186 0.001478118704 0.001605961263 

 atom_index 4 n_descriptor 135
1.819122851 0.2864925913 0.03603528248 0.05734771475 0.04016297011 0.03074948822 0.01656335127 0.01097949767 0.007112705274 0.005178559891 0.003989250781 0.003217751041 0.002644372612 0.002209708373 0.001868832113 1.650573482 1.666475634 1.675086582 0.1463721128 0.1502259003 0.1547574405 0.07417679348 0.0790387304 0.08530758028 0.01866521422 0.03133292281 0.04216299291 0.01909707997 0.02966657863 0.03730583808 0.01602603838 0.02200566469 0.02546952239 0.0109106574 0.0134919207 0.01454962495 0.008053923079 0.008949725327 0.00924287496 0.005750902267 0.006057777071 0.006274796739 0.004292200346 0.004473721832 0.00462443941 0.003453597923 0.003602927796 0.003709021805 0.002765796903 0.00289484974 0.002978447242 0.002312977945 0.002422213318 0.002490469449 0.001944454159 0.002038032755 0.002095229011 0.001652248983 0.001732840198 0.001781488848 0.1656152719 0.1804001126 0.2489701914 0.2533506122 0.2654243204 0.03099458844 0.03313888351 0.03515585425 0.04252631154 0.0452660306 0.0229940152 0.02386043496 0.02452666724 0.0390225461 0.04446101381 0.007550628661 0.007932109574 0.0204017037 0.04202472842 0.04603913446 0.005663323 0.006012762015 0.01979174001 0.03423630053 0.03511125973 0.00307282852 0.003297211761 0.01500164774 0.02087165739 0.02261316704 0.002648161408 0.002849709567 0.01061525792 0.01174952098 0.01365614653 0.001791514422 0.001940460224 0.006931277132 0.007137431233 0.008405193402 0.001557629453 0.001682551587 0.004794438957 0.005126342876 0.005835059812 0.001179445485 0.001278574003 0.003586100479 0.003817367673 0.004314049035 0.0010210625 0.00110185327 0.002893144117 0.003041441375 0.003445468317 0.0008395565922 0.0009088925381 0.002364045849 0.002462527946 0.002795977161 0.0007102681026 0.0007687134138 0.00196753773 0.002039522624 0.002318300815 0.0006061947992 0.0006560396406 0.001658984266 0.001713297349 0.001949303268 0.0005213366222 0.0005641903453 0.001413380857 0.001455393456 0.001657169461 

