 atom_index 1 n_descriptor 135
1.636573136 0.3089900108 0.1852419467 0.04656474716 0.04358844103 0.01633256833 0.01159297676 0.008344880094 0.006684932527 0.005607346413 0.004650803668 0.003828269272 0.00319505464 0.00270921699 0.002315294413 1.294905977 1.327711189 1.332697452 0.2164824577 0.235222117 0.2614198028 0.1063228481 0.1133369174 0.1192678714 0.04973084829 0.05050884846 0.05556969006 0.0225460621 0.02492097278 0.02875999552 0.01232641797 0.01360100068 0.0153515455 0.008709410604 0.00934334592 0.01044415958 0.007033825623 0.007215140753 0.008010567493 0.005940414566 0.005998270586 0.006578194362 0.004977346977 0.005022218269 0.005498722174 0.004125232499 0.004155555113 0.004582988372 0.003359062163 0.003425552769 0.003786697099 0.002841519042 0.002886852224 0.003180759782 0.002419511841 0.002457723175 0.002702986335 0.002075033375 0.002108076622 0.002315634206 0.6617709508 0.6908411274 0.9248206469 0.9606753199 0.998438583 0.3687432179 0.3747849324 0.4497356211 0.4712532653 0.4734702857 0.4054675474 0.4055857868 0.4789464518 0.4880751541 0.4905159338 0.4508708167 0.4513978781 0.4604885233 0.4650805645 0.4734463528 0.3777824508 0.378261381 0.3879162244 0.391766946 0.3943912286 0.2781586806 0.2785296447 0.2796309761 0.2800285465 0.2838217127 0.1489114257 0.1491035564 0.1512554339 0.1517233037 0.152956693 0.06729678148 0.0674251926 0.06811061351 0.06811995567 0.0698228309 0.0202349284 0.0202735652 0.02181516687 0.02197992439 0.02269400199 0.006868675307 0.006913090622 0.007460132642 0.007467469069 0.008526366727 0.003000496942 0.003015101555 0.003755995877 0.003804966065 0.004589352697 0.002509795927 0.002525084514 0.003033079247 0.003073513187 0.003755129332 0.002127623404 0.002142586104 0.002571515398 0.002606848168 0.003180156707 0.001817856207 0.001830561064 0.002195697371 0.002227156913 0.002715155899 0.001564121111 0.001574676083 0.001888047957 0.001916014497 0.002334826551 

 atom_index 2 n_descriptor 135
1.629878428 0.3416010936 0.2018421296 0.04380608025 0.03751496227 0.015744846 0.01126842652 0.008446223767 0.006917482631 0.00569705991 0.004592733828 0.003736889424 0.003143241717 0.002667329999 0.002280065813 1.280385955 1.350925974 1.395591318 0.1694793691 0.3113634428 0.3291219241 0.08279030088 0.1296896252 0.1319699844 0.04335147162 0.04527031509 0.04623848341 0.01879529745 0.0200909679 0.02710058682 0.01132256452 0.01217497899 0.01634813899 0.008454390707 0.009155342307 0.01121986204 0.007264404443 0.007809667587 0.008300746205 0.006252449388 0.006366457221 0.006718861518 0.00506789501 0.005100890659 0.005403984509 0.00406336683 0.004193446775 0.004342755605 0.003313485741 0.003480233143 0.003589722031 0.002812533873 0.002945234123 0.003035357732 0.002396566793 0.002509353498 0.002582198926 0.002056087537 0.002152977254 0.00221291913 0.6864207469 0.7396578181 0.9710675608 0.9817299056 1.025462553 0.3654165871 0.3726468895 0.4385561974 0.4855804581 0.5244360394 0.4039212945 0.4042057715 0.463786003 0.4771998947 0.4932394373 0.4513113748 0.4517615591 0.4539575233 0.4568576809 0.4649546157 0.3777680628 0.3780810396 0.3828212447 0.3851497109 0.397101403 0.278399778 0.2790482499 0.2807087248 0.2810492572 0.2817503742 0.1487776446 0.1489246959 0.1507285849 0.1519411165 0.1542622497 0.06759585366 0.06770306369 0.06846850046 0.06856593698 0.06920868668 0.02021332912 0.02025400669 0.02178509848 0.02216787268 0.02284510508 0.006889313967 0.007035900922 0.00733285716 0.007574511957 0.008112073367 0.00302096108 0.003088609746 0.003506722956 0.003822950153 0.004225893461 0.002534988147 0.002596889717 0.002881822031 0.003133122984 0.003488837454 0.002149786175 0.002200918604 0.002447771672 0.002657897709 0.002960753602 0.001836585721 0.00187845581 0.002092955169 0.002271252588 0.002529577235 0.001579865707 0.001614527319 0.001801519931 0.001954283859 0.002175873955 

 atom_index 3 n_descriptor 135
1.52816058 0.9053060245 0.2167420197 0.08581906571 0.06562551012 0.04771731285 0.02704595259 0.01487099417 0.01093365223 0.00674993256 0.005723900844 0.00459787069 0.003852163093 0.00325612021 0.002778394231 1.402863757 1.410478569 1.435998781 0.5845373396 0.6530222205 0.7080967009 0.2163840616 0.2465480644 0.2773536757 0.1390499619 0.1523458286 0.1681279799 0.0625907755 0.09005342069 0.1180298321 0.04626207268 0.057420563 0.06835675095 0.01816084641 0.02322597766 0.02665418766 0.01525527652 0.01696955664 0.01896860049 0.008340140853 0.008589858651 0.00891141993 0.006645970137 0.006773519819 0.006870138153 0.00469262207 0.004878403442 0.004944272157 0.003980710368 0.004119591699 0.004223531011 0.003313149237 0.003413116418 0.003517899382 0.002809583897 0.00289369565 0.002986881389 0.002404328852 0.00247700519 0.002558203822 0.3089227966 0.3491697518 0.3569793863 0.3860189172 0.4004387474 0.07853375081 0.09361386443 0.1835266494 0.1931423127 0.2152629896 0.05842993904 0.05983674142 0.07164474584 0.08405065671 0.1203543272 0.03116203364 0.03365895755 0.04480927258 0.0793017277 0.1054725475 0.01760113778 0.01945090164 0.04310542298 0.07621118185 0.08374115271 0.01141387579 0.01302580253 0.01708461858 0.02493342027 0.04455527141 0.008144628245 0.009190297349 0.01305274696 0.01678669587 0.02331653509 0.006040987382 0.006899025089 0.009831861982 0.01059974763 0.01284227034 0.004817674877 0.005581376117 0.00624339263 0.006619699864 0.007721241039 0.00385841112 0.004490063833 0.005042938734 0.005143551905 0.005887940699 0.00319353288 0.003708524975 0.004161264341 0.004226427359 0.004902325196 0.002671105455 0.003094348083 0.003466086513 0.003477818564 0.004108432142 0.002256024859 0.002611478237 0.002922078645 0.002932878896 0.003472740195 0.001923680487 0.002226435222 0.002488849973 0.002499375466 0.00296208995 0.00165316342 0.001913233179 0.002137027108 0.002147170318 0.002545514698 

 atom_index 4 n_descriptor 135
1.532634033 0.9227995472 0.2177250968 0.07526795907 0.0678505794 0.05958614134 0.02941515223 0.01226917086 0.01018987925 0.006692795352 0.005698174794 0.004616122228 0.003862893551 0.003264836193 0.002786414641 1.404329991 1.412849813 1.418657667 0.6374840319 0.6816136337 0.7106350765 0.2281555055 0.2396268869 0.2565715194 0.1343922235 0.1442770294 0.1676579777 0.08079603007 0.1006741573 0.1109442614 0.05847768797 0.0698181568 0.07094982354 0.01895222169 0.01919245022 0.02469584999 0.0143354511 0.01473500046 0.0168203877 0.00807278037 0.008625258583 0.008793511442 0.006515070739 0.006784541953 0.00695421092 0.004682083943 0.004865751902 0.004976779394 0.00401874435 0.004178568072 0.004213849461 0.003338538149 0.003461140694 0.003494372144 0.002833080589 0.002935339656 0.00296317839 0.002426298372 0.002513170092 0.002536601023 0.3316638994 0.3469495648 0.3795241581 0.3856565046 0.4125582426 0.08839501938 0.09596850555 0.1995829845 0.2023674732 0.2115198685 0.06555092912 0.0668800915 0.07392032731 0.07938837198 0.08450524898 0.032771348 0.03686893996 0.04644544257 0.06774732822 0.1080886958 0.01695244939 0.01869791038 0.074599328 0.08951835418 0.09002166641 0.01174182753 0.0129436667 0.02210963446 0.03265823089 0.04345304477 0.008652426155 0.009657741701 0.009996018792 0.01290549587 0.01691289141 0.006297902587 0.007189936089 0.008075370436 0.009279457925 0.01156036595 0.005087811686 0.005828033208 0.006267525044 0.006479785902 0.007145913364 0.004037896425 0.004698243945 0.004873554515 0.00488504168 0.005855347163 0.003344137907 0.0038673968 0.004084014865 0.004121767365 0.00482569643 0.002795880226 0.00321669763 0.003409327773 0.003420174733 0.003986394328 0.0023615125 0.002716825928 0.002877358422 0.002884566334 0.003360887305 0.002013902274 0.00231645932 0.00245372232 0.002459254668 0.002864282556 0.001730906995 0.001990473521 0.002108993902 0.002113511839 0.002460908677 

